51 32700 100 327 42328 53702 9900 44919
51 32373 99 327 42186 53521 9868 44767
51 32046 98 327 42043 53340 9834 44616
51 31719 97 327 41901 53160 9801 44465
51 31392 96 327 41758 52979 9768 44314
51 31065 95 327 41616 52798 9736 44163
51 30738 94 327 41473 52617 9702 44011
51 30411 93 327 41331 52437 9669 43861
51 30084 92 327 41189 52256 9637 43709
51 29757 91 327 41046 52075 9604 43558
51 29430 90 327 40904 51895 9571 43407
51 29103 89 327 40761 51714 9537 43256
51 28776 88 327 40619 51533 9505 43105
51 28449 87 327 40476 51353 9471 42954
51 28122 86 327 40334 51172 9439 42802
51 27795 85 327 40191 50991 9405 42651
51 27468 84 327 40049 50810 9373 42500
51 27141 83 327 39907 50630 9340 42349
51 26814 82 327 39764 50449 9307 42198
51 26487 81 327 39622 50268 9275 42047
51 26160 80 327 39479 50088 9240 41896
51 25833 79 327 39337 49907 9208 41744
51 25506 78 327 39194 49726 9175 41593
51 25179 77 327 39052 49545 9143 41442
51 24852 76 327 38910 49365 9110 41291
51 24525 75 327 38767 49184 9076 41140
51 24198 74 327 38625 49003 9044 40988
51 23871 73 327 38482 48823 9010 40837
51 23544 72 327 38340 48642 8978 40686
51 23217 71 327 38197 48461 8944 40535
51 22890 70 327 38055 48280 8912 40384
51 22563 69 327 37912 48100 8878 40233
51 22236 68 327 37770 47919 8846 40082
51 21909 67 327 37628 47738 8814 39930
51 21582 66 327 37485 47558 8779 39779
51 21255 65 327 37343 47377 8747 39628
51 20928 64 327 37200 47196 8714 39477
51 20601 63 327 37058 47015 8682 39326
51 20274 62 327 36915 46835 8647 39175
51 19947 61 327 36773 46654 8615 39023
51 19620 60 327 36631 46473 8583 38872
51 19293 58 327 36488 46293 8549 38721
51 18966 58 327 36346 46112 8517 38570
51 18640 57 327 36204 45932 8482 38419
51 18312 56 327 36061 45750 8451 38268
51 17985 55 327 35918 45570 8417 38117
51 17658 54 327 35776 45389 8385 37965
51 17331 52 327 35633 45208 8351 37814
51 17004 52 327 35491 45028 8318 37663
51 16677 51 327 35349 44847 8286 37512
51 16350 50 327 35206 44666 8253 37361
51 16023 49 327 35064 44485 8221 37209
51 15696 48 327 34921 44305 8186 37059
51 15369 47 327 34779 44124 8154 36907
51 15042 46 327 34636 43943 8121 36756
51 14715 45 327 34494 43763 8088 36605
51 14388 44 327 34352 43582 8056 36454
51 14061 43 327 34209 43401 8022 36303
51 13734 42 327 34067 43220 7990 36151
51 13407 41 327 33924 43040 7956 36000
51 13080 40 327 33782 42859 7924 35849
51 12753 39 327 33639 42678 7890 35698
51 12426 38 327 33497 42498 7857 35547
51 12099 37 327 33354 42317 7824 35396
51 11772 36 327 33212 42136 7792 35245
51 11446 35 327 33070 41956 7759 35094
51 11118 34 327 32927 41775 7725 34942
51 10791 33 327 32785 41594 7693 34791
51 10464 32 327 32642 41413 7660 34640
51 10137 31 327 32500 41233 7627 34489
51 9810 30 327 32357 41052 7593 34338
51 9483 29 327 32215 40871 7561 34186
51 9156 28 327 32073 40691 7528 34035
51 8829 27 327 31930 40510 7495 33884
51 8502 26 327 31788 40329 7463 33733
51 8175 25 327 31645 40148 7429 33582
51 7848 24 327 31503 39968 7396 33431
51 7521 23 327 31360 39787 7363 33280
51 7194 22 327 31218 39606 7331 33128
51 6868 21 327 31076 39426 7296 32978
51 6540 20 327 30933 39245 7264 32826
51 6213 19 327 30791 39064 7232 32675
51 5886 18 327 30648 38883 7199 32524
51 5559 17 327 30506 38703 7166 32373
51 5232 16 327 30363 38522 7132 32221
51 4905 15 327 30221 38341 7100 32070
51 4578 14 327 30078 38161 7066 31919
51 4251 13 327 29936 37980 7034 31768
51 3925 12 327 29794 37800 6999 31617
51 3597 11 327 29651 37618 6968 31466
51 3270 10 327 29509 37438 6935 31315
51 2943 9 327 29366 37257 6902 31163
51 2616 8 327 29224 37076 6870 31012
51 2289 7 327 29081 36896 6835 30861
51 1962 6 327 28939 36715 6803 30710
51 1635 5 327 28796 36534 6770 30559
51 1308 4 327 28654 36353 6738 30407
51 981 3 327 28512 36173 6705 30257
51 655 2 327 28370 35992 6671 30106
51 327 1 327 28227 35811 6639 29954
52 32700 100 327 42562 54236 9717 45218
52 32373 99 327 42417 54051 9684 45064
52 32046 98 327 42272 53866 9652 44910
52 31719 97 327 42127 53681 9619 44756
52 31392 96 327 41982 53496 9587 44602
52 31065 95 327 41837 53311 9554 44448
52 30738 94 327 41692 53126 9522 44293
52 30411 93 327 41547 52942 9488 44140
52 30084 92 327 41402 52757 9456 43985
52 29757 91 327 41257 52572 9423 43831
52 29430 90 327 41112 52387 9391 43677
52 29103 89 327 40967 52202 9358 43523
52 28776 88 327 40822 52017 9326 43369
52 28449 87 327 40676 51832 9292 43215
52 28122 86 327 40531 51648 9258 43061
52 27795 85 327 40386 51463 9226 42906
52 27468 84 327 40241 51278 9193 42752
52 27141 83 327 40096 51093 9161 42598
52 26814 82 327 39951 50908 9128 42444
52 26487 81 327 39806 50723 9096 42290
52 26160 80 327 39661 50538 9063 42136
52 25833 79 327 39516 50353 9031 41981
52 25506 78 327 39371 50169 8997 41828
52 25179 77 327 39226 49984 8965 41673
52 24852 76 327 39081 49799 8932 41519
52 24525 75 327 38935 49614 8898 41365
52 24198 74 327 38790 49429 8866 41211
52 23871 73 327 38645 49244 8833 41057
52 23544 72 327 38500 49059 8801 40903
52 23217 71 327 38355 48875 8767 40749
52 22890 70 327 38210 48690 8735 40595
52 22563 69 327 38065 48505 8702 40440
52 22236 68 327 37920 48320 8670 40286
52 21909 67 327 37775 48135 8637 40132
52 21582 66 327 37630 47950 8605 39978
52 21255 65 327 37485 47765 8572 39824
52 20928 64 327 37340 47580 8540 39669
52 20601 63 327 37195 47396 8506 39516
52 20274 62 327 37049 47211 8472 39362
52 19947 61 327 36904 47026 8440 39207
52 19620 60 327 36759 46841 8407 39053
52 19293 58 327 36614 46656 8375 38899
52 18966 58 327 36469 46471 8342 38745
52 18639 57 327 36324 46286 8310 38591
52 18312 56 327 36179 46102 8276 38437
52 17985 55 327 36034 45917 8244 38283
52 17658 54 327 35889 45732 8211 38128
52 17331 52 327 35744 45547 8179 37974
52 17004 52 327 35599 45362 8146 37820
52 16677 51 327 35454 45177 8114 37666
52 16350 50 327 35309 44992 8081 37512
52 16023 49 327 35163 44807 8047 37358
52 15696 48 327 35018 44623 8014 37204
52 15369 47 327 34873 44438 7981 37049
52 15042 46 327 34728 44253 7949 36895
52 14715 45 327 34583 44068 7916 36741
52 14388 44 327 34438 43883 7884 36587
52 14061 43 327 34293 43698 7851 36433
52 13734 42 327 34148 43513 7819 36279
52 13407 41 327 34003 43329 7785 36125
52 13080 40 327 33858 43144 7753 35971
52 12753 39 327 33713 42959 7720 35816
52 12426 38 327 33568 42774 7688 35662
52 12099 37 327 33423 42589 7655 35508
52 11772 36 327 33277 42404 7621 35354
52 11445 35 327 33132 42219 7589 35200
52 11118 34 327 32987 42034 7556 35046
52 10791 33 327 32842 41850 7523 34892
52 10464 32 327 32697 41665 7490 34738
52 10137 31 327 32552 41480 7458 34583
52 9810 30 327 32407 41295 7425 34429
52 9483 29 327 32262 41110 7393 34275
52 9156 28 327 32117 40925 7360 34121
52 8829 27 327 31972 40740 7328 33967
52 8502 26 327 31827 40556 7294 33813
52 8175 25 327 31682 40371 7262 33659
52 7849 24 327 31537 40186 7229 33505
52 7521 23 327 31391 40001 7195 33350
52 7194 22 327 31246 39816 7163 33196
52 6867 21 327 31101 39631 7130 33042
52 6540 20 327 30956 39446 7098 32888
52 6213 19 327 30811 39261 7065 32734
52 5886 18 327 30666 39077 7032 32580
52 5559 17 327 30521 38892 6999 32426
52 5232 16 327 30376 38707 6967 32271
52 4905 15 327 30231 38522 6934 32117
52 4578 14 327 30086 38337 6902 31963
52 4251 13 327 29941 38152 6869 31809
52 3924 12 327 29796 37967 6837 31655
52 3597 11 327 29650 37782 6803 31501
52 3270 10 327 29505 37598 6769 31347
52 2943 9 327 29360 37413 6737 31192
52 2616 8 327 29215 37228 6704 31038
52 2289 7 327 29070 37043 6672 30884
52 1962 6 327 28925 36858 6639 30730
52 1635 5 327 28780 36673 6607 30576
52 1308 4 327 28635 36488 6574 30422
52 981 3 327 28490 36304 6541 30268
52 654 2 327 28345 36119 6508 30114
52 327 1 327 28200 35934 6476 29959
53 32700 100 327 42796 54772 9532 45518
53 32373 99 327 42649 54583 9500 45361
53 32046 98 327 42501 54394 9467 45204
53 31719 97 327 42353 54205 9434 45047
53 31392 96 327 42205 54016 9401 44890
53 31065 95 327 42058 53827 9370 44733
53 30738 94 327 41910 53638 9337 44576
53 30411 93 327 41762 53449 9304 44418
53 30084 92 327 41615 53260 9272 44261
53 29757 91 327 41467 53071 9239 44104
53 29430 90 327 41319 52882 9206 43947
53 29103 89 327 41171 52692 9174 43790
53 28776 88 327 41024 52503 9143 43633
53 28449 87 327 40876 52314 9110 43476
53 28122 86 327 40728 52125 9077 43319
53 27795 85 327 40581 51936 9045 43161
53 27468 84 327 40433 51747 9012 43004
53 27141 83 327 40285 51558 8979 42847
53 26814 82 327 40137 51369 8946 42690
53 26487 81 327 39990 51180 8915 42533
53 26160 80 327 39842 50991 8882 42376
53 25833 79 327 39694 50802 8849 42219
53 25506 78 327 39547 50613 8817 42062
53 25179 77 327 39399 50424 8784 41905
53 24852 76 327 39251 50235 8751 41748
53 24525 75 327 39103 50046 8718 41590
53 24198 74 327 38956 49857 8687 41433
53 23871 73 327 38808 49668 8654 41276
53 23544 72 327 38660 49479 8621 41119
53 23217 71 327 38513 49290 8589 40962
53 22890 70 327 38365 49101 8556 40805
53 22563 69 327 38217 48912 8523 40648
53 22236 68 327 38069 48722 8491 40491
53 21909 67 327 37922 48533 8460 40333
53 21582 66 327 37774 48344 8427 40176
53 21255 65 327 37626 48155 8394 40019
53 20928 64 327 37479 47966 8362 39862
53 20601 63 327 37331 47777 8329 39705
53 20274 62 327 37183 47589 8295 39549
53 19947 61 327 37035 47399 8263 39391
53 19620 60 327 36888 47210 8232 39234
53 19293 58 327 36740 47021 8199 39077
53 18966 58 327 36592 46832 8166 38920
53 18639 57 327 36445 46643 8134 38763
53 18312 56 327 36297 46454 8101 38605
53 17985 55 327 36149 46265 8068 38448
53 17658 54 327 36001 46076 8035 38291
53 17331 52 327 35854 45887 8004 38134
53 17004 52 327 35706 45698 7972 37977
53 16677 51 327 35558 45509 7939 37820
53 16350 50 327 35411 45320 7906 37663
53 16023 49 327 35263 45131 7873 37506
53 15696 48 327 35115 44942 7840 37349
53 15369 47 327 34968 44753 7809 37192
53 15042 46 327 34820 44563 7777 37034
53 14715 45 327 34672 44374 7744 36877
53 14388 44 327 34524 44185 7711 36720
53 14061 43 327 34377 43996 7679 36563
53 13734 42 327 34229 43807 7646 36406
53 13407 41 327 34081 43618 7613 36249
53 13080 40 327 33934 43429 7582 36092
53 12753 39 327 33786 43240 7549 35935
53 12426 38 327 33638 43051 7516 35777
53 12099 37 327 33490 42862 7483 35620
53 11772 36 327 33343 42673 7451 35463
53 11445 35 327 33195 42484 7418 35306
53 11118 34 327 33047 42295 7385 35149
53 10791 33 327 32900 42106 7354 34992
53 10464 32 327 32752 41917 7321 34835
53 10137 31 327 32604 41728 7288 34678
53 9810 30 327 32456 41539 7255 34521
53 9483 29 327 32309 41350 7223 34364
53 9156 28 327 32161 41161 7190 34207
53 8829 27 327 32013 40972 7157 34049
53 8502 26 327 31866 40783 7126 33892
53 8175 25 327 31718 40593 7094 33735
53 7848 24 327 31570 40404 7061 33578
53 7521 23 327 31422 40215 7028 33421
53 7194 22 327 31275 40026 6996 33264
53 6867 21 327 31127 39837 6963 33107
53 6540 20 327 30979 39648 6930 32949
53 6213 19 327 30832 39459 6899 32792
53 5886 18 327 30684 39270 6866 32635
53 5559 17 327 30536 39081 6833 32478
53 5232 16 327 30388 38892 6800 32321
53 4905 15 327 30241 38703 6768 32164
53 4578 14 327 30093 38514 6735 32007
53 4251 13 327 29945 38325 6702 31850
53 3924 12 327 29798 38136 6671 31693
53 3597 11 327 29650 37947 6638 31536
53 3270 10 327 29502 37758 6605 31379
53 2943 9 327 29354 37569 6572 31221
53 2616 8 327 29207 37380 6540 31064
53 2289 7 327 29059 37191 6507 30907
53 1962 6 327 28911 37002 6474 30750
53 1635 5 327 28764 36813 6443 30593
53 1308 4 327 28616 36624 6410 30436
53 981 3 327 28468 36434 6378 30279
53 654 2 327 28320 36245 6345 30122
53 327 1 327 28173 36056 6313 29964
54 32700 100 327 43029 55311 9342 45818
54 32373 99 327 42879 55117 304 45658
54 32046 98 327 42729 54924 303 45498
54 31719 97 327 42578 54731 303 45338
54 31392 96 327 42428 54538 303 45178
54 31065 95 327 42278 54344 304 45017
54 30738 94 327 42127 54151 303 44857
54 30411 93 327 41977 53958 303 44697
54 30084 92 327 41827 53765 303 44537
54 29757 91 327 41676 53571 304 44377
54 29430 90 327 41526 53378 303 44217
54 29103 89 327 41376 53185 303 44057
54 28776 88 327 41225 52992 303 43897
54 28449 87 327 41075 52798 304 43737
54 28122 86 327 40925 52605 303 43577
54 27795 85 327 40774 52412 303 43417
54 27468 84 327 40624 52219 303 43257
54 27141 83 327 40474 52025 304 43096
54 26814 82 327 40323 51832 303 42936
54 26487 81 327 40173 51639 303 42776
54 26160 80 327 40023 51446 303 42616
54 25833 79 327 39872 51252 304 42456
54 25506 78 327 39722 51059 303 42296
54 25179 77 327 39572 50866 303 42136
54 24852 76 327 39421 50673 303 41976
54 24525 75 327 39271 50479 304 41816
54 24198 74 327 39121 50286 303 41656
54 23871 73 327 38970 50093 303 41496
54 23544 72 327 38820 49900 303 41336
54 23218 71 327 38670 49707 303 41176
54 22890 70 327 38519 49513 304 41015
54 22564 69 327 38369 49320 303 40856
54 22236 68 327 38219 49127 303 40695
54 21909 67 327 38068 48933 304 40535
54 21582 66 327 37918 48740 303 40375
54 21255 65 327 37768 48547 303 40215
54 20928 64 327 37617 48354 303 40055
54 20601 63 327 37467 48160 304 39895
54 20274 62 327 37317 47967 303 39735
54 19947 61 327 37166 47774 303 39575
54 19620 60 327 37016 47581 303 39415
54 19293 58 327 36866 47387 304 39254
54 18966 58 327 36715 47194 303 39094
54 18639 57 327 36565 47001 303 38934
54 18312 56 327 36415 46808 303 38774
54 17985 55 327 36264 46614 304 38614
54 17658 54 327 36114 46421 303 38454
54 17331 52 327 35963 46228 303 38294
54 17004 52 327 35813 46035 303 38134
54 16677 51 327 35663 45841 304 37974
54 16350 50 327 35512 45648 303 37814
54 16023 49 327 35362 45455 303 37654
54 15696 48 327 35212 45262 303 37494
54 15369 47 327 35061 45068 304 37333
54 15042 46 327 34911 44875 303 37173
54 14715 45 327 34761 44682 303 37013
54 14388 44 327 34610 44489 303 36853
54 14061 43 327 34460 44295 304 36693
54 13734 42 327 34310 44102 303 36533
54 13407 41 327 34159 43909 303 36373
54 13080 40 327 34009 43716 303 36213
54 12753 39 327 33859 43522 304 36053
54 12426 38 327 33708 43329 303 35893
54 12099 37 327 33558 43136 303 35733
54 11772 36 327 33408 42943 303 35573
54 11445 35 327 33257 42749 304 35412
54 11118 34 327 33107 42556 303 35252
54 10791 33 327 32957 42363 303 35092
54 10464 32 327 32806 42170 303 34932
54 10137 31 327 32656 41976 304 34772
54 9810 30 327 32506 41783 303 34612
54 9483 29 327 32355 41590 303 34452
54 9156 28 327 32205 41397 303 34292
54 8829 27 327 32055 41203 304 34132
54 8502 26 327 31904 41010 303 33972
54 8175 25 327 31754 40817 303 33812
54 7848 24 327 31604 40624 303 33652
54 7521 23 327 31453 40430 304 33491
54 7194 22 327 31303 40237 303 33331
54 6867 21 327 31153 40044 303 33171
54 6540 20 327 31002 39851 303 33011
54 6213 19 327 30852 39657 304 32851
54 5886 18 327 30702 39464 303 32691
54 5559 17 327 30551 39271 303 32531
54 5232 16 327 30401 39078 303 32371
54 4905 15 327 30251 38884 304 32211
54 4578 14 327 30100 38691 303 32051
54 4251 13 327 29950 38498 303 31891
54 3924 12 327 29800 38305 303 31731
54 3597 11 327 29649 38111 304 31570
54 3270 10 327 29499 37918 303 31410
54 2943 9 327 29349 37725 303 31250
54 2616 8 327 29198 37532 303 31090
54 2289 7 327 29048 37338 304 30930
54 1962 6 327 28897 37145 303 30770
54 1635 5 327 28747 36952 303 30610
54 1308 4 327 28597 36759 303 30450
54 981 3 327 28446 36565 304 30290
54 655 2 327 28297 36373 302 30130
54 327 1 327 28146 36179 304 29970
55 32700 100 327 43262 55852 9151 46118
55 32373 99 327 43109 55654 308 45954
55 32046 98 327 42956 55457 307 45791
55 31719 97 327 42803 55259 308 45628
55 31392 96 327 42650 55062 307 45465
55 31065 95 327 42497 54864 308 45302
55 30738 94 327 42344 54667 307 45139
55 30411 93 327 42191 54469 308 44976
55 30084 92 327 42038 54272 307 44813
55 29757 91 327 41885 54074 308 44650
55 29430 90 327 41732 53877 307 44487
55 29103 89 327 41580 53679 308 44324
55 28776 88 327 41427 53482 307 44161
55 28449 87 327 41274 53284 308 43998
55 28122 86 327 41121 53087 307 43835
55 27795 85 327 40968 52889 308 43671
55 27468 84 327 40815 52692 307 43508
55 27141 83 327 40662 52495 307 43346
55 26814 82 327 40509 52297 308 43182
55 26487 81 327 40356 52100 307 43019
55 26160 80 327 40203 51902 308 42856
55 25833 79 327 40050 51705 307 42693
55 25506 78 327 39897 51507 308 42530
55 25179 77 327 39744 51310 307 42367
55 24852 76 327 39591 51112 308 42204
55 24525 75 327 39438 50915 307 42041
55 24198 74 327 39285 50718 307 41878
55 23871 73 327 39132 50520 308 41715
55 23544 72 327 38979 50322 308 41552
55 23217 71 327 38826 50125 307 41389
55 22890 70 327 38673 49927 308 41226
55 22563 69 327 38520 49730 307 41063
55 22236 68 327 38367 49532 308 40899
55 21909 67 327 38214 49335 307 40737
55 21582 66 327 38061 49137 308 40573
55 21255 65 327 37908 48940 307 40410
55 20928 64 327 37755 48742 308 40247
55 20601 63 327 37602 48545 307 40084
55 20274 62 327 37450 48348 307 39921
55 19947 61 327 37297 48150 308 39758
55 19620 60 327 37144 47953 307 39595
55 19293 58 327 36991 47755 308 39432
55 18966 58 327 36838 47558 307 39269
55 18639 57 327 36685 47360 308 39106
55 18312 56 327 36532 47163 307 38943
55 17985 55 327 36379 46965 308 38780
55 17658 54 327 36226 46768 307 38617
55 17331 52 327 36073 46570 308 38454
55 17004 52 327 35920 46373 307 38291
55 16678 51 327 35767 46176 307 38128
55 16350 50 327 35614 45978 308 37965
55 16023 49 327 35461 45780 308 37801
55 15696 48 327 35308 45583 307 37638
55 15369 47 327 35155 45385 308 37475
55 15042 46 327 35002 45188 307 37312
55 14715 45 327 34849 44990 308 37149
55 14388 44 327 34696 44793 307 36986
55 14061 43 327 34543 44596 307 36823
55 13734 42 327 34390 44398 308 36660
55 13407 41 327 34237 44201 307 36497
55 13080 40 327 34084 44003 308 36334
55 12753 39 327 33931 43806 307 36171
55 12426 38 327 33778 43608 308 36008
55 12099 37 327 33625 43411 307 35845
55 11772 36 327 33473 43213 308 35682
55 11445 35 327 33320 43016 307 35519
55 11118 34 327 33167 42818 308 35356
55 10791 33 327 33014 42621 307 35193
55 10464 32 327 32861 42423 308 35029
55 10137 31 327 32708 42226 307 34867
55 9810 30 327 32555 42028 308 34703
55 9483 29 327 32402 41831 307 34540
55 9156 28 327 32249 41633 308 34377
55 8829 27 327 32096 41436 307 34214
55 8502 26 327 31943 41239 307 34052
55 8175 25 327 31790 41041 308 33888
55 7848 24 327 31637 40843 308 33725
55 7521 23 327 31484 40646 307 33562
55 7194 22 327 31331 40449 307 33399
55 6867 21 327 31178 40251 308 33236
55 6540 20 327 31025 40054 307 33073
55 6213 19 327 30872 39856 308 32910
55 5886 18 327 30719 39659 307 32747
55 5559 17 327 30566 39461 308 32584
55 5232 16 327 30413 39264 307 32421
55 4905 15 327 30260 39066 308 32257
55 4578 14 327 30107 38869 307 32094
55 4251 13 327 29954 38671 308 31931
55 3924 12 327 29801 38474 307 31768
55 3597 11 327 29648 38276 308 31605
55 3270 10 327 29495 38079 307 31442
55 2943 9 327 29343 37881 308 31279
55 2616 8 327 29190 37684 307 31116
55 2289 7 327 29037 37486 308 30953
55 1962 6 327 28884 37289 307 30790
55 1635 5 327 28731 37091 308 30627
55 1308 4 327 28578 36894 307 30464
55 981 3 327 28425 36696 308 30301
55 654 2 327 28272 36499 307 30138
55 327 1 327 28119 36302 307 29975
56 32700 100 327 43494 56395 8956 46417
56 32373 99 327 43339 56193 312 46251
56 32046 98 327 43183 55991 312 46085
56 31719 97 327 43027 55790 311 45919
56 31392 96 327 42872 55588 312 45753
56 31065 95 327 42716 55386 312 45587
56 30738 94 327 42561 55185 311 45421
56 30411 93 327 42405 54983 312 45255
56 30084 92 327 42250 54781 312 45089
56 29757 91 327 42094 54579 312 44923
56 29430 90 327 41938 54378 311 44757
56 29103 89 327 41783 54176 312 44591
56 28776 88 327 41627 53974 312 44424
56 28449 87 327 41472 53773 311 44259
56 28122 86 327 41316 53571 312 44093
56 27795 85 327 41160 53369 312 43926
56 27468 84 327 41005 53167 312 43760
56 27141 83 327 40849 52966 311 43594
56 26814 82 327 40694 52764 312 43428
56 26487 81 327 40538 52562 312 43262
56 26160 80 327 40383 52360 312 43096
56 25833 79 327 40227 52159 311 42930
56 25506 78 327 40071 51957 312 42764
56 25179 77 327 39916 51755 312 42598
56 24852 76 327 39760 51554 311 42432
56 24525 75 327 39605 51352 312 42266
56 24198 74 327 39449 51150 312 42100
56 23871 73 327 39294 50948 312 41934
56 23544 72 327 39138 50747 311 41768
56 23217 71 327 38982 50545 312 41602
56 22890 70 327 38827 50343 312 41436
56 22563 69 327 38671 50141 312 41270
56 22236 68 327 38516 49940 311 41104
56 21909 67 327 38360 49738 312 40938
56 21582 66 327 38204 49536 312 40772
56 21255 65 327 38049 49335 311 40606
56 20928 64 327 37893 49133 312 40440
56 20601 63 327 37738 48931 312 40274
56 20274 62 327 37582 48729 312 40108
56 19947 61 327 37427 48528 311 39942
56 19620 60 327 37271 48326 312 39776
56 19293 58 327 37115 48124 312 39610
56 18966 58 327 36960 47922 312 39443
56 18639 57 327 36804 47721 311 39278
56 18312 56 327 36649 47519 312 39111
56 17985 55 327 36493 47317 312 38945
56 17658 54 327 36338 47116 311 38780
56 17332 53 327 36182 46914 312 38614
56 17004 52 327 36026 46712 312 38447
56 16677 51 327 35871 46510 312 38281
56 16350 50 327 35715 46309 311 38115
56 16023 49 327 35560 46107 312 37949
56 15696 48 327 35404 45905 312 37783
56 15369 47 327 35248 45704 311 37617
56 15042 46 327 35093 45502 312 37451
56 14715 45 327 34937 45300 312 37285
56 14388 44 327 34782 45098 312 37119
56 14061 43 327 34626 44897 311 36953
56 13734 42 327 34471 44695 312 36787
56 13407 41 327 34315 44493 312 36621
56 13080 40 327 34159 44291 312 36455
56 12753 39 327 34004 44090 311 36289
56 12426 38 327 33848 43888 312 36123
56 12099 37 327 33693 43686 312 35957
56 11772 36 327 33537 43485 311 35791
56 11445 35 327 33382 43283 312 35625
56 11118 34 327 33226 43081 312 35459
56 10791 33 327 33070 42879 312 35293
56 10464 32 327 32915 42678 311 35127
56 10137 31 327 32759 42476 312 34961
56 9810 30 327 32604 42274 312 34795
56 9483 29 327 32448 42072 312 34628
56 9156 28 327 32292 41871 311 34463
56 8829 27 327 32137 41669 312 34296
56 8502 26 327 31981 41467 312 34130
56 8175 25 327 31826 41266 311 33965
56 7848 24 327 31670 41064 312 33798
56 7521 23 327 31515 40862 312 33632
56 7194 22 327 31359 40660 312 33466
56 6867 21 327 31203 40459 311 33300
56 6540 20 327 31048 40257 312 33134
56 6213 19 327 30892 40055 312 32968
56 5886 18 327 30737 39853 312 32802
56 5559 17 327 30581 39652 311 32636
56 5232 16 327 30426 39450 312 32470
56 4905 15 327 30270 39248 312 32304
56 4578 14 327 30114 39047 311 32138
56 4251 13 327 29959 38845 312 31972
56 3924 12 327 29803 38643 312 31806
56 3597 11 327 29648 38441 312 31640
56 3270 10 327 29492 38240 311 31474
56 2943 9 327 29336 38038 312 31308
56 2616 8 327 29181 37836 312 31142
56 2289 7 327 29025 37635 311 30976
56 1962 6 327 28870 37433 312 30810
56 1635 5 327 28714 37231 312 30644
56 1308 4 327 28559 37029 312 30478
56 981 3 327 28403 36828 311 30312
56 654 2 327 28247 36626 312 30146
56 327 1 327 28092 36424 312 29980
57 32700 100 327 43726 56941 8758 46717
57 32373 99 327 43567 56735 316 46548
57 32046 98 327 43409 56529 316 46379
57 31719 97 327 43251 56323 316 46209
57 31392 96 327 43093 56117 316 46040
57 31065 95 327 42935 55911 316 45871
57 30738 94 327 42776 55705 316 45702
57 30411 93 327 42618 55499 316 45533
57 30084 92 327 42460 55293 316 45364
57 29757 91 327 42302 55087 316 45195
57 29430 90 327 42144 54881 316 45026
57 29103 89 327 41986 54675 316 44857
57 28776 88 327 41827 54469 316 44688
57 28449 87 327 41669 54263 316 44519
57 28122 86 327 41511 54057 316 44350
57 27795 85 327 41353 53851 316 44181
57 27468 84 327 41195 53645 316 44012
57 27141 83 327 41036 53439 316 43843
57 26814 82 327 40878 53233 316 43674
57 26487 81 327 40720 53027 316 43505
57 26160 80 327 40562 52821 316 43336
57 25833 79 327 40404 52615 316 43167
57 25506 78 327 40245 52409 316 42998
57 25179 77 327 40087 52203 316 42829
57 24852 76 327 39929 51997 316 42660
57 24525 75 327 39771 51791 316 42491
57 24198 74 327 39613 51585 316 42322
57 23871 73 327 39454 51379 316 42153
57 23544 72 327 39296 51173 316 41984
57 23217 71 327 39138 50967 316 41815
57 22890 70 327 38980 50761 316 41646
57 22563 69 327 38822 50555 316 41477
57 22236 68 327 38664 50349 316 41308
57 21909 67 327 38505 50143 316 41139
57 21582 66 327 38347 49937 316 40970
57 21255 65 327 38189 49731 316 40801
57 20928 64 327 38031 49525 316 40632
57 20601 63 327 37873 49319 316 40463
57 20274 62 327 37714 49113 316 40294
57 19947 61 327 37556 48907 316 40125
57 19620 60 327 37398 48701 316 39956
57 19293 58 327 37240 48495 316 39787
57 18966 58 327 37082 48289 316 39618
57 18639 57 327 36923 48083 316 39449
57 18312 56 327 36765 47877 316 39280
57 17985 55 327 36607 47671 316 39111
57 17658 54 327 36449 47465 316 38942
57 17331 52 327 36291 47259 316 38773
57 17004 52 327 36133 47053 316 38604
57 16677 51 327 35974 46847 316 38435
57 16350 50 327 35816 46641 316 38266
57 16023 49 327 35658 46435 316 38097
57 15696 48 327 35500 46229 316 37928
57 15369 47 327 35342 46023 316 37759
57 15042 46 327 35183 45817 316 37590
57 14715 45 327 35025 45611 316 37421
57 14388 44 327 34867 45405 316 37252
57 14061 43 327 34709 45199 316 37083
57 13734 42 327 34551 44993 316 36914
57 13407 41 327 34392 44787 316 36745
57 13080 40 327 34234 44581 316 36576
57 12753 39 327 34076 44375 316 36407
57 12426 38 327 33918 44169 316 36238
57 12099 37 327 33760 43963 316 36069
57 11772 36 327 33601 43757 316 35900
57 11445 35 327 33443 43551 316 35731
57 11118 34 327 33285 43345 316 35562
57 10791 33 327 33127 43139 316 35393
57 10464 32 327 32969 42933 316 35224
57 10137 31 327 32811 42727 316 35055
57 9810 30 327 32652 42521 316 34886
57 9483 29 327 32494 42315 316 34717
57 9156 28 327 32336 42109 316 34548
57 8829 27 327 32178 41903 316 34379
57 8502 26 327 32020 41697 316 34210
57 8175 25 327 31861 41491 316 34041
57 7848 24 327 31703 41285 316 33872
57 7521 23 327 31545 41079 316 33703
57 7194 22 327 31387 40873 316 33534
57 6867 21 327 31229 40667 316 33365
57 6540 20 327 31070 40461 316 33196
57 6213 19 327 30912 40255 316 33027
57 5886 18 327 30754 40049 316 32858
57 5559 17 327 30596 39843 316 32689
57 5232 16 327 30438 39637 316 32520
57 4905 15 327 30280 39431 316 32351
57 4578 14 327 30121 39225 316 32182
57 4251 13 327 29963 39019 316 32013
57 3924 12 327 29805 38813 316 31844
57 3597 11 327 29647 38607 316 31675
57 3270 10 327 29489 38401 316 31506
57 2943 9 327 29330 38195 316 31337
57 2616 8 327 29172 37989 316 31168
57 2289 7 327 29014 37783 316 30999
57 1962 6 327 28856 37577 316 30830
57 1635 5 327 28698 37371 316 30661
57 1308 4 327 28539 37165 316 30492
57 981 3 327 28381 36959 316 30323
57 654 2 327 28223 36753 316 30154
57 327 1 327 28065 36547 316 29985
58 32700 100 327 43956 57489 8555 47016
58 32373 99 327 43796 57278 321 46844
58 32046 98 327 43635 57068 320 46672
58 31719 97 327 43474 56858 320 46500
58 31392 96 327 43313 56648 320 46328
58 31065 95 327 43152 56437 321 46156
58 30738 94 327 42992 56227 320 45984
58 30411 93 327 42831 56017 320 45812
58 30084 92 327 42670 55806 321 45640
58 29757 91 327 42509 55596 320 45468
58 29430 90 327 42349 55386 320 45296
58 29103 89 327 42188 55175 321 45124
58 28776 88 327 42027 54965 320 44952
58 28449 87 327 41866 54755 320 44780
58 28122 86 327 41705 54545 320 44608
58 27795 85 327 41545 54334 321 44436
58 27468 84 327 41384 54124 320 44264
58 27141 83 327 41223 53914 320 44092
58 26814 82 327 41062 53703 321 43920
58 26487 81 327 40901 53493 320 43748
58 26160 80 327 40741 53283 320 43576
58 25833 79 327 40580 53072 321 43404
58 25506 78 327 40419 52862 320 43232
58 25179 77 327 40258 52652 320 43060
58 24852 76 327 40097 52442 320 42888
58 24525 75 327 39937 52231 321 42716
58 24198 74 327 39776 52021 320 42544
58 23871 73 327 39615 51811 320 42372
58 23544 72 327 39454 51600 321 42200
58 23217 71 327 39293 51391 319 42029
58 22890 70 327 39133 51180 321 41856
58 22563 69 327 38972 50970 320 41684
58 22236 68 327 38811 50759 321 41512
58 21909 67 327 38650 50549 320 41340
58 21582 66 327 38489 50339 320 41168
58 21255 65 327 38329 50128 321 40996
58 20928 64 327 38168 49918 320 40824
58 20601 63 327 38007 49708 320 40652
58 20274 62 327 37846 49497 321 40480
58 19947 61 327 37685 49287 320 40308
58 19620 60 327 37525 49077 320 40136
58 19293 58 327 37364 48867 320 39965
58 18966 58 327 37203 48656 321 39792
58 18639 57 327 37042 48446 320 39620
58 18312 56 327 36882 48236 320 39449
58 17985 55 327 36721 48025 321 39276
58 17659 54 327 36560 47816 319 39105
58 17331 52 327 36399 47605 321 38933
58 17004 52 327 36238 47395 320 38761
58 16677 51 327 36078 47184 321 38588
58 16350 50 327 35917 46974 320 38417
58 16023 49 327 35756 46764 320 38245
58 15696 48 327 35595 46553 321 38073
58 15369 47 327 35434 46343 320 37901
58 15042 46 327 35274 46133 320 37729
58 14715 45 327 35113 45922 321 37557
58 14388 44 327 34952 45712 320 37385
58 14061 43 327 34791 45502 320 37213
58 13734 42 327 34630 45292 320 37041
58 13408 41 327 34470 45081 321 36869
58 13080 40 327 34309 44871 320 36697
58 12753 39 327 34148 44661 320 36525
58 12426 38 327 33987 44450 321 36353
58 12099 37 327 33826 44240 320 36181
58 11772 36 327 33666 44030 320 36009
58 11445 35 327 33505 43820 320 35837
58 11118 34 327 33344 43609 321 35665
58 10791 33 327 33183 43399 320 35493
58 10464 32 327 33022 43189 320 35321
58 10137 31 327 32862 42978 321 35149
58 9810 30 327 32701 42768 320 34977
58 9483 29 327 32540 42558 320 34805
58 9156 28 327 32379 42347 321 34633
58 8829 27 327 32219 42137 320 34461
58 8502 26 327 32058 41927 320 34289
58 8175 25 327 31897 41717 320 34117
58 7848 24 327 31736 41506 321 33945
58 7521 23 327 31575 41296 320 33773
58 7194 22 327 31415 41086 320 33601
58 6867 21 327 31254 40875 321 33429
58 6540 20 327 31093 40665 320 33257
58 6213 19 327 30932 40455 320 33085
58 5886 18 327 30771 40245 320 32913
58 5559 17 327 30611 40034 321 32741
58 5232 16 327 30450 39824 320 32569
58 4905 15 327 30289 39614 320 32397
58 4578 14 327 30128 39403 321 32225
58 4251 13 327 29967 39193 320 32053
58 3924 12 327 29807 38983 320 31881
58 3597 11 327 29646 38772 321 31709
58 3270 10 327 29485 38562 320 31537
58 2943 9 327 29324 38352 320 31365
58 2616 8 327 29163 38142 320 31193
58 2289 7 327 29003 37931 321 31021
58 1962 6 327 28842 37721 320 30849
58 1635 5 327 28681 37511 320 30677
58 1308 4 327 28520 37300 321 30505
58 981 3 327 28359 37090 320 30333
58 654 2 327 28199 36880 320 30161
58 327 1 327 28038 36669 321 29989
59 32700 100 327 44187 58039 8351 47315
59 32373 99 327 44023 57824 325 47140
59 32046 98 327 43860 57610 324 46965
59 31719 97 327 43697 57395 325 46790
59 31392 96 327 43533 57181 324 46615
59 31065 95 327 43370 56966 325 46440
59 30738 94 327 43206 56751 325 46265
59 30411 93 327 43043 56537 324 46090
59 30084 92 327 42880 56322 325 45915
59 29757 91 327 42716 56108 324 45741
59 29430 90 327 42553 55893 325 45566
59 29103 89 327 42389 55678 325 45390
59 28776 88 327 42226 55464 324 45216
59 28449 87 327 42063 55249 325 45041
59 28122 86 327 41899 55034 325 44866
59 27795 85 327 41736 54820 324 44691
59 27468 84 327 41572 54605 325 44516
59 27141 83 327 41409 54391 324 44341
59 26814 82 327 41246 54176 325 44166
59 26487 81 327 41082 53961 325 43991
59 26160 80 327 40919 53747 324 43816
59 25833 79 327 40755 53532 325 43641
59 25506 78 327 40592 53318 324 43466
59 25179 77 327 40429 53103 325 43291
59 24852 76 327 40265 52888 325 43116
59 24525 75 327 40102 52674 324 42941
59 24198 74 327 39939 52459 325 42766
59 23871 73 327 39775 52244 325 42591
59 23544 72 327 39612 52030 324 42416
59 23217 71 327 39448 51815 325 42241
59 22890 70 327 39285 51601 324 42066
59 22563 69 327 39122 51386 325 41891
59 22236 68 327 38958 51171 325 41716
59 21909 67 327 38795 50957 324 41542
59 21582 66 327 38631 50742 325 41366
59 21255 65 327 38468 50528 324 41192
59 20928 64 327 38305 50313 325 41017
59 20601 63 327 38141 50098 325 40842
59 20274 62 327 37978 49884 324 40667
59 19947 61 327 37814 49669 325 40492
59 19620 60 327 37651 49454 325 40317
59 19294 59 327 37488 49241 323 40142
59 18966 58 327 37324 49025 326 39967
59 18639 57 327 37161 48811 324 39792
59 18312 56 327 36997 48596 325 39617
59 17985 55 327 36834 48381 325 39442
59 17658 54 327 36671 48167 324 39267
59 17331 52 327 36507 47952 325 39092
59 17004 52 327 36344 47738 324 38917
59 16677 51 327 36180 47523 325 38742
59 16350 50 327 36017 47308 325 38567
59 16023 49 327 35854 47094 324 38392
59 15696 48 327 35690 46879 325 38217
59 15369 47 327 35527 46664 325 38042
59 15042 46 327 35364 46450 324 37867
59 14715 45 327 35200 46235 325 37692
59 14388 44 327 35037 46021 324 37517
59 14061 43 327 34873 45806 325 37342
59 13734 42 327 34710 45591 325 37167
59 13407 41 327 34547 45377 324 36993
59 13080 40 327 34383 45162 325 36817
59 12753 39 327 34220 44948 324 36643
59 12426 38 327 34056 44733 325 36468
59 12099 37 327 33893 44518 325 36293
59 11772 36 327 33730 44304 324 36118
59 11445 35 327 33566 44089 325 35943
59 11118 34 327 33403 43874 325 35768
59 10791 33 327 33239 43660 324 35593
59 10464 32 327 33076 43445 325 35418
59 10137 31 327 32913 43231 324 35243
59 9810 30 327 32749 43016 325 35068
59 9483 29 327 32586 42801 325 34893
59 9156 28 327 32422 42587 324 34718
59 8829 27 327 32259 42372 325 34543
59 8502 26 327 32096 42158 324 34368
59 8175 25 327 31932 41943 325 34193
59 7848 24 327 31769 41728 325 34018
59 7521 23 327 31606 41514 324 33843
59 7194 22 327 31442 41299 325 33668
59 6867 21 327 31279 41084 325 33493
59 6540 20 327 31115 40870 324 33319
59 6213 19 327 30952 40655 325 33143
59 5886 18 327 30789 40441 324 32968
59 5559 17 327 30625 40226 325 32793
59 5232 16 327 30462 40011 325 32618
59 4905 15 327 30298 39797 324 32444
59 4578 14 327 30135 39582 325 32268
59 4251 13 327 29972 39368 324 32094
59 3924 12 327 29808 39153 325 31919
59 3597 11 327 29645 38938 325 31744
59 3270 10 327 29481 38724 324 31569
59 2943 9 327 29318 38509 325 31394
59 2616 8 327 29155 38294 325 31219
59 2289 7 327 28991 38080 324 31044
59 1962 6 327 28828 37865 325 30869
59 1635 5 327 28664 37651 324 30694
59 1308 4 327 28501 37436 325 30519
59 981 3 327 28338 37221 325 30344
59 654 2 327 28174 37007 324 30169
59 327 1 327 28011 36792 325 29994
60 32700 100 327 44416 58592 8142 47614
60 32373 99 327 44250 58373 329 47436
60 32046 98 327 44084 58154 329 47259
60 31719 97 327 43918 57935 329 47081
60 31392 96 327 43752 57716 329 46903
60 31065 95 327 43586 57497 329 46725
60 30738 94 327 43420 57278 329 46547
60 30411 93 327 43255 57059 329 46369
60 30084 92 327 43089 56840 329 46191
60 29757 91 327 42923 56621 329 46013
60 29430 90 327 42757 56403 328 45836
60 29103 89 327 42591 56183 330 45657
60 28776 88 327 42425 55964 329 45479
60 28449 87 327 42259 55745 329 45301
60 28122 86 327 42093 55526 329 45123
60 27795 85 327 41927 55307 329 44945
60 27468 84 327 41761 55089 328 44768
60 27141 83 327 41595 54870 329 44590
60 26814 82 327 41429 54651 329 44412
60 26487 81 327 41263 54432 329 44234
60 26161 80 327 41097 54213 329 44056
60 25833 79 327 40931 53994 329 43878
60 25506 78 327 40765 53775 329 43700
60 25179 77 327 40599 53556 329 43522
60 24852 76 327 40433 53337 329 43344
60 24525 75 327 40267 53119 328 43167
60 24198 74 327 40101 52899 330 42988
60 23871 73 327 39935 52680 329 42810
60 23544 72 327 39769 52461 329 42632
60 23217 71 327 39603 52242 329 42454
60 22890 70 327 39437 52023 329 42276
60 22563 69 327 39271 51804 329 42098
60 22236 68 327 39105 51585 329 41920
60 21909 67 327 38939 51366 329 41742
60 21582 66 327 38773 51147 329 41564
60 21255 65 327 38607 50929 328 41387
60 20928 64 327 38441 50709 330 41209
60 20601 63 327 38275 50490 329 41031
60 20274 62 327 38109 50271 329 40853
60 19947 61 327 37943 50052 329 40675
60 19620 60 327 37777 49833 329 40497
60 19293 58 327 37611 49615 328 40319
60 18966 58 327 37445 49396 329 40141
60 18639 57 327 37279 49177 329 39963
60 18312 56 327 37113 48958 329 39785
60 17985 55 327 36947 48739 329 39607
60 17658 54 327 36781 48520 329 39429
60 17331 52 327 36615 48301 329 39251
60 17004 52 327 36449 48082 329 39074
60 16677 51 327 36283 47863 329 38896
60 16350 50 327 36117 47644 329 38718
60 16023 49 327 35951 47425 329 38540
60 15696 48 327 35785 47206 329 38362
60 15369 47 327 35619 46987 329 38184
60 15042 46 327 35453 46768 329 38006
60 14715 45 327 35287 46549 329 37828
60 14388 44 327 35121 46330 329 37650
60 14061 43 327 34955 46111 329 37472
60 13734 42 327 34789 45892 329 37294
60 13407 41 327 34623 45674 328 37117
60 13080 40 327 34457 45454 330 36938
60 12753 39 327 34291 45235 329 36760
60 12426 38 327 34125 45016 329 36582
60 12099 37 327 33959 44797 329 36404
60 11772 36 327 33793 44578 329 36226
60 11446 35 327 33628 44360 328 36049
60 11118 34 327 33461 44141 329 35871
60 10791 33 327 33295 43922 329 35693
60 10464 32 327 33129 43703 329 35515
60 10137 31 327 32963 43484 329 35337
60 9810 30 327 32797 43265 329 35159
60 9483 29 327 32631 43046 329 34981
60 9156 28 327 32465 42827 329 34803
60 8829 27 327 32299 42608 329 34625
60 8502 26 327 32134 42389 329 34447
60 8175 25 327 31968 42170 329 34269
60 7848 24 327 31802 41951 329 34091
60 7521 23 327 31636 41732 329 33913
60 7194 22 327 31470 41513 329 33735
60 6867 21 327 31304 41294 329 33557
60 6540 20 327 31138 41075 329 33379
60 6213 19 327 30972 40856 329 33202
60 5886 18 327 30806 40637 329 33024
60 5560 17 327 30640 40419 328 32846
60 5232 16 327 30474 40199 330 32668
60 4905 15 327 30308 39980 329 32490
60 4578 14 327 30142 39761 329 32312
60 4251 13 327 29976 39543 328 32134
60 3924 12 327 29810 39324 329 31957
60 3597 11 327 29644 39104 330 31778
60 3270 10 327 29478 38886 328 31600
60 2943 9 327 29312 38667 329 31422
60 2616 8 327 29146 38448 329 31244
60 2289 7 327 28980 38229 329 31066
60 1962 6 327 28814 38010 329 30888
60 1635 5 327 28648 37791 329 30711
60 1308 4 327 28482 37572 329 30533
60 981 3 327 28316 37353 329 30355
60 654 2 327 28150 37134 329 30177
60 327 1 327 27984 36915 329 29999
61 32700 100 327 44646 59147 7932 47914
61 32373 99 327 44477 58924 333 47733
61 32046 98 327 44308 58700 334 47552
61 31719 97 327 44140 58477 333 47371
61 31392 96 327 43971 58254 333 47190
61 31065 95 327 43803 58030 334 47009
61 30738 94 327 43634 57807 333 46828
61 30411 93 327 43466 57584 333 46647
61 30084 92 327 43297 57360 334 46466
61 29757 91 327 43128 57137 333 46285
61 29430 90 327 42960 56914 333 46105
61 29103 89 327 42791 56690 334 45923
61 28776 88 327 42623 56467 333 45743
61 28449 87 327 42454 56244 333 45562
61 28122 86 327 42285 56020 334 45381
61 27795 85 327 42117 55797 333 45200
61 27468 84 327 41948 55574 333 45019
61 27141 83 327 41780 55350 334 44838
61 26814 82 327 41611 55127 333 44657
61 26487 81 327 41443 54904 333 44476
61 26160 80 327 41274 54680 334 44295
61 25833 79 327 41105 54457 333 44114
61 25506 78 327 40937 54234 333 43934
61 25179 77 327 40768 54010 334 43752
61 24852 76 327 40600 53787 333 43572
61 24525 75 327 40431 53564 333 43391
61 24198 74 327 40263 53340 334 43210
61 23872 73 327 40095 53118 332 43030
61 23544 72 327 39925 52894 334 42848
61 23217 71 327 39757 52671 333 42667
61 22890 70 327 39588 52447 334 42486
61 22563 69 327 39420 52224 333 42305
61 22236 68 327 39251 52001 333 42125
61 21909 67 327 39083 51777 334 41943
61 21582 66 327 38914 51554 333 41763
61 21255 65 327 38745 51331 333 41582
61 20928 64 327 38577 51107 334 41401
61 20601 63 327 38408 50884 333 41220
61 20274 62 327 38240 50661 333 41039
61 19947 61 327 38071 50437 334 40858
61 19620 60 327 37903 50214 333 40677
61 19293 58 327 37734 49991 333 40496
61 18966 58 327 37565 49767 334 40315
61 18639 57 327 37397 49544 333 40134
61 18312 56 327 37228 49321 333 39954
61 17985 55 327 37060 49097 334 39772
61 17658 54 327 36891 48874 333 39592
61 17331 52 327 36723 48651 333 39411
61 17004 52 327 36554 48427 334 39230
61 16677 51 327 36385 48204 333 39049
61 16350 50 327 36217 47981 333 38868
61 16023 49 327 36048 47757 334 38687
61 15696 48 327 35880 47534 333 38506
61 15369 47 327 35711 47311 333 38325
61 15042 46 327 35543 47087 334 38144
61 14715 45 327 35374 46864 333 37963
61 14388 44 327 35205 46641 333 37783
61 14061 43 327 35037 46417 334 37601
61 13734 42 327 34868 46194 333 37421
61 13407 41 327 34700 45971 333 37240
61 13080 40 327 34531 45747 334 37059
61 12753 39 327 34363 45524 333 36878
61 12426 38 327 34194 45301 333 36697
61 12099 37 327 34025 45077 334 36516
61 11772 36 327 33857 44854 333 36335
61 11445 35 327 33688 44631 333 36154
61 11118 34 327 33520 44407 334 35973
61 10791 33 327 33351 44184 333 35792
61 10464 32 327 33183 43961 333 35612
61 10137 31 327 33014 43737 334 35431
61 9810 30 327 32845 43514 333 35250
61 9483 29 327 32677 43291 333 35069
61 9156 28 327 32508 43067 334 34888
61 8829 27 327 32340 42844 333 34707
61 8502 26 327 32171 42621 333 34526
61 8175 25 327 32003 42397 334 34345
61 7848 24 327 31834 42174 333 34164
61 7521 23 327 31665 41951 333 33983
61 7194 22 327 31497 41727 334 33802
61 6867 21 327 31328 41504 333 33621
61 6540 20 327 31160 41281 333 33441
61 6213 19 327 30991 41058 333 33260
61 5886 18 327 30823 40834 334 33079
61 5559 17 327 30654 40611 333 32898
61 5232 16 327 30485 40388 333 32717
61 4905 15 327 30317 40164 334 32536
61 4578 14 327 30148 39941 333 32355
61 4251 13 327 29980 39718 333 32174
61 3924 12 327 29811 39494 334 31993
61 3597 11 327 29643 39271 333 31812
61 3270 10 327 29474 39048 333 31632
61 2943 9 327 29305 38824 334 31451
61 2616 8 327 29137 38601 333 31270
61 2289 7 327 28968 38378 333 31089
61 1962 6 327 28800 38154 334 30908
61 1635 5 327 28631 37931 333 30727
61 1308 4 327 28463 37708 333 30546
61 981 3 327 28294 37484 334 30365
61 654 2 327 28125 37261 333 30184
61 327 1 327 27957 37038 333 30003
62 32700 100 327 44874 59704 7717 48213
62 32373 99 327 44703 59477 337 48029
62 32046 98 327 44532 59249 338 47845
62 31719 97 327 44361 59021 338 47661
62 31393 96 327 44190 58794 337 47478
62 31065 95 327 44018 58566 338 47293
62 30738 94 327 43847 58338 338 47109
62 30411 93 327 43676 58110 338 46925
62 30084 92 327 43505 57883 337 46742
62 29758 91 327 43334 57656 337 46558
62 29430 90 327 43162 57427 339 46374
62 29103 89 327 42991 57200 337 46190
62 28776 88 327 42820 56972 338 46006
62 28449 87 327 42649 56744 338 45822
62 28123 86 327 42478 56517 337 45639
62 27795 85 327 42307 56289 338 45454
62 27468 84 327 42136 56061 338 45270
62 27141 83 327 41964 55833 338 45086
62 26814 82 327 41793 55606 337 44903
62 26487 81 327 41622 55378 338 44719
62 26160 80 327 41451 55151 337 44536
62 25833 79 327 41280 54922 339 44351
62 25506 78 327 41109 54695 337 44167
62 25179 77 327 40937 54467 338 43983
62 24852 76 327 40766 54239 338 43799
62 24525 75 327 40595 54012 337 43616
62 24198 74 327 40424 53784 338 43432
62 23871 73 327 40253 53556 338 43248
62 23544 72 327 40082 53328 338 43064
62 23217 71 327 39911 53101 337 42880
62 22890 70 327 39739 52873 338 42696
62 22563 69 327 39568 52645 338 42512
62 22236 68 327 39397 52417 338 42328
62 21909 67 327 39226 52190 337 42144
62 21582 66 327 39055 51962 338 41960
62 21255 65 327 38884 51734 338 41777
62 20928 64 327 38713 51507 337 41593
62 20601 63 327 38541 51279 338 41409
62 20274 62 327 38370 51051 338 41225
62 19947 61 327 38199 50823 338 41041
62 19620 60 327 38028 50596 337 40857
62 19293 58 327 37857 50368 338 40673
62 18966 58 327 37686 50140 338 40489
62 18639 57 327 37514 49913 337 40306
62 18312 56 327 37343 49685 338 40122
62 17985 55 327 37172 49457 338 39938
62 17658 54 327 37001 49229 338 39754
62 17331 52 327 36830 49002 337 39570
62 17004 52 327 36659 48774 338 39386
62 16677 51 327 36488 48546 338 39202
62 16350 50 327 36316 48319 337 39018
62 16023 49 327 36145 48091 338 38834
62 15696 48 327 35974 47863 338 38650
62 15369 47 327 35803 47635 338 38467
62 15042 46 327 35632 47408 337 38283
62 14715 45 327 35461 47180 338 38099
62 14388 44 327 35289 46952 338 37915
62 14061 43 327 35118 46725 337 37731
62 13734 42 327 34947 46497 338 37547
62 13407 41 327 34776 46269 338 37363
62 13080 40 327 34605 46041 338 37179
62 12753 39 327 34434 45814 337 36996
62 12426 38 327 34263 45586 338 36812
62 12099 37 327 34091 45358 338 36628
62 11772 36 327 33920 45131 337 36444
62 11445 35 327 33749 44903 338 36260
62 11118 34 327 33578 44675 338 36076
62 10791 33 327 33407 44448 337 35893
62 10464 32 327 33236 44220 338 35708
62 10137 31 327 33064 43992 338 35524
62 9810 30 327 32893 43764 338 35340
62 9483 29 327 32722 43536 338 35157
62 9156 28 327 32551 43309 337 34973
62 8829 27 327 32380 43081 338 34789
62 8502 26 327 32209 42853 338 34605
62 8175 25 327 32038 42626 337 34421
62 7848 24 327 31866 42398 338 34237
62 7521 23 327 31695 42170 338 34053
62 7194 22 327 31524 41942 338 33869
62 6867 21 327 31353 41715 337 33686
62 6540 20 327 31182 41487 338 33502
62 6213 19 327 31011 41259 338 33318
62 5886 18 327 30839 41032 337 33134
62 5559 17 327 30668 40804 338 32950
62 5232 16 327 30497 40576 338 32766
62 4905 15 327 30326 40348 338 32582
62 4578 14 327 30155 40121 337 32398
62 4251 13 327 29984 39893 338 32214
62 3924 12 327 29813 39665 338 32031
62 3597 11 327 29641 39438 337 31847
62 3270 10 327 29470 39210 338 31663
62 2943 9 327 29299 38982 338 31479
62 2617 8 327 29128 38755 337 31296
62 2289 7 327 28957 38527 338 31111
62 1962 6 327 28786 38299 338 30927
62 1635 5 327 28614 38071 338 30743
62 1308 4 327 28443 37844 337 30560
62 981 3 327 28272 37616 338 30376
62 654 2 327 28101 37388 338 30192
62 327 1 327 27930 37160 338 30008
63 32700 100 327 45102 60264 7499 48512
63 32373 99 327 44928 60032 342 48325
63 32046 98 327 44754 59800 342 48138
63 31719 97 327 44581 59568 342 47951
63 31392 96 327 44407 59336 342 47764
63 31065 95 327 44233 59104 342 47577
63 30738 94 327 44060 58871 343 47390
63 30411 93 327 43886 58639 342 47204
63 30084 92 327 43712 58407 342 47017
63 29757 91 327 43538 58175 342 46830
63 29430 90 327 43365 57943 342 46643
63 29103 89 327 43191 57711 342 46456
63 28776 88 327 43017 57479 342 46269
63 28449 87 327 42843 57247 342 46083
63 28122 86 327 42670 57014 343 45895
63 27795 85 327 42496 56782 342 45709
63 27468 84 327 42322 56550 342 45522
63 27141 83 327 42149 56318 342 45335
63 26814 82 327 41975 56086 342 45148
63 26487 81 327 41801 55854 342 44961
63 26160 80 327 41627 55622 342 44775
63 25833 79 327 41454 55389 343 44587
63 25506 78 327 41280 55157 342 44401
63 25179 77 327 41106 54925 342 44214
63 24852 76 327 40932 54693 342 44027
63 24525 75 327 40759 54461 342 43840
63 24198 74 327 40585 54229 342 43653
63 23871 73 327 40411 53997 342 43466
63 23544 72 327 40238 53765 342 43280
63 23217 71 327 40064 53532 343 43093
63 22890 70 327 39890 53300 342 42906
63 22564 69 327 39717 53069 341 42720
63 22236 68 327 39543 52836 343 42532
63 21909 67 327 39369 52604 342 42345
63 21582 66 327 39195 52372 342 42158
63 21255 65 327 39021 52140 342 41972
63 20928 64 327 38848 51908 342 41785
63 20601 63 327 38674 51675 343 41598
63 20274 62 327 38500 51443 342 41411
63 19947 61 327 38327 51211 342 41224
63 19620 60 327 38153 50979 342 41037
63 19293 58 327 37979 50747 342 40850
63 18966 58 327 37805 50515 342 40664
63 18639 57 327 37632 50283 342 40477
63 18312 56 327 37458 50050 343 40290
63 17985 55 327 37284 49818 342 40103
63 17658 54 327 37110 49586 342 39916
63 17331 52 327 36937 49354 342 39729
63 17004 52 327 36763 49122 342 39542
63 16677 51 327 36589 48890 342 39355
63 16350 50 327 36416 48658 342 39169
63 16023 49 327 36242 48426 342 38982
63 15696 48 327 36068 48193 343 38795
63 15369 47 327 35894 47961 342 38608
63 15042 46 327 35721 47729 342 38421
63 14715 45 327 35547 47497 342 38234
63 14388 44 327 35373 47265 342 38047
63 14061 43 327 35199 47033 342 37861
63 13734 42 327 35026 46801 342 37674
63 13407 41 327 34852 46568 343 37487
63 13080 40 327 34678 46336 342 37300
63 12753 39 327 34505 46104 342 37113
63 12426 38 327 34331 45872 342 36926
63 12099 37 327 34157 45640 342 36739
63 11772 36 327 33983 45408 342 36553
63 11445 35 327 33810 45176 342 36366
63 11118 34 327 33636 44944 342 36179
63 10791 33 327 33462 44711 343 35992
63 10464 32 327 33288 44479 342 35805
63 10137 31 327 33115 44247 342 35618
63 9810 30 327 32941 44015 342 35431
63 9483 29 327 32767 43783 342 35244
63 9156 28 327 32594 43551 342 35058
63 8829 27 327 32420 43319 342 34871
63 8502 26 327 32246 43086 343 34684
63 8175 25 327 32072 42854 342 34497
63 7848 24 327 31899 42622 342 34310
63 7521 23 327 31725 42390 342 34123
63 7194 22 327 31551 42158 342 33936
63 6867 21 327 31377 41926 342 33750
63 6540 20 327 31204 41694 342 33563
63 6213 19 327 31030 41462 342 33376
63 5886 18 327 30856 41229 343 33189
63 5559 17 327 30682 40997 342 33002
63 5232 16 327 30509 40765 342 32815
63 4905 15 327 30335 40533 342 32628
63 4578 14 327 30161 40301 342 32442
63 4251 13 327 29988 40069 342 32255
63 3924 12 327 29814 39837 342 32068
63 3597 11 327 29640 39605 342 31881
63 3270 10 327 29466 39372 343 31694
63 2943 9 327 29293 39140 342 31507
63 2616 8 327 29119 38908 342 31320
63 2289 7 327 28945 38676 342 31133
63 1962 6 327 28771 38444 342 30947
63 1635 5 327 28598 38212 342 30760
63 1308 4 327 28424 37980 342 30573
63 981 3 327 28250 37747 343 30386
63 654 2 327 28077 37515 342 30199
63 327 1 327 27903 37283 342 30012
64 32700 100 327 45329 60826 7277 48810
64 32373 99 327 45153 60590 346 48621
64 32046 98 327 44977 60353 347 48431
64 31719 97 327 44800 60117 346 48241
64 31392 96 327 44624 59880 347 48051
64 31065 95 327 44448 59644 346 47861
64 30738 94 327 44271 59407 347 47672
64 30411 93 327 44095 59170 347 47482
64 30084 92 327 43919 58934 346 47292
64 29757 91 327 43743 58697 347 47102
64 29430 90 327 43566 58461 346 46912
64 29103 89 327 43390 58224 347 46722
64 28776 88 327 43214 57988 346 46533
64 28449 87 327 43037 57751 347 46343
64 28122 86 327 42861 57514 347 46153
64 27795 85 327 42685 57278 346 45963
64 27468 84 327 42509 57041 347 45773
64 27141 83 327 42332 56805 346 45583
64 26814 82 327 42156 56568 347 45393
64 26487 81 327 41980 56332 346 45204
64 26160 80 327 41803 56095 347 45014
64 25833 79 327 41627 55858 347 44824
64 25506 78 327 41451 55622 346 44634
64 25179 77 327 41274 55385 347 44444
64 24852 76 327 41098 55149 346 44255
64 24525 75 327 40922 54912 347 44065
64 24198 74 327 40746 54676 346 43875
64 23871 73 327 40569 54439 347 43685
64 23544 72 327 40393 54202 347 43495
64 23217 71 327 40217 53966 346 43305
64 22890 70 327 40040 53729 347 43115
64 22563 69 327 39864 53493 346 42926
64 22236 68 327 39688 53256 347 42736
64 21909 67 327 39511 53020 346 42546
64 21582 66 327 39335 52783 347 42356
64 21255 65 327 39159 52546 347 42166
64 20928 64 327 38983 52310 346 41976
64 20601 63 327 38806 52073 347 41786
64 20274 62 327 38630 51837 346 41597
64 19947 61 327 38454 51600 347 41407
64 19620 60 327 38277 51364 346 41217
64 19293 58 327 38101 51127 347 41027
64 18966 58 327 37925 50891 346 40838
64 18639 57 327 37748 50654 347 40648
64 18312 56 327 37572 50417 347 40458
64 17985 55 327 37396 50181 346 40268
64 17658 54 327 37220 49944 347 40078
64 17331 52 327 37043 49708 346 39888
64 17004 52 327 36867 49471 347 39698
64 16677 51 327 36691 49235 346 39509
64 16350 50 327 36514 48998 347 39319
64 16023 49 327 36338 48761 347 39129
64 15696 48 327 36162 48525 346 38939
64 15369 47 327 35985 48288 347 38749
64 15042 46 327 35809 48052 346 38559
64 14715 45 327 35633 47815 347 38369
64 14388 44 327 35457 47579 346 38180
64 14061 43 327 35280 47342 347 37990
64 13734 42 327 35104 47105 347 37800
64 13407 41 327 34928 46869 346 37610
64 13080 40 327 34751 46632 347 37420
64 12753 39 327 34575 46396 346 37231
64 12426 38 327 34399 46159 347 37041
64 12099 37 327 34223 45923 346 36851
64 11772 36 327 34046 45686 347 36661
64 11445 35 327 33870 45449 347 36471
64 11118 34 327 33694 45213 346 36281
64 10791 33 327 33517 44976 347 36091
64 10464 32 327 33341 44740 346 35902
64 10137 31 327 33165 44503 347 35712
64 9810 30 327 32988 44267 346 35522
64 9483 29 327 32812 44030 347 35332
64 9157 28 327 32636 43794 346 35143
64 8829 27 327 32460 43557 347 34952
64 8502 26 327 32283 43320 347 34763
64 8175 25 327 32107 43084 346 34573
64 7848 24 327 31931 42847 347 34383
64 7521 23 327 31754 42611 346 34193
64 7194 22 327 31578 42374 347 34003
64 6867 21 327 31402 42137 347 33813
64 6540 20 327 31225 41901 346 33624
64 6213 19 327 31049 41664 347 33434
64 5886 18 327 30873 41428 346 33244
64 5559 17 327 30697 41191 347 33054
64 5232 16 327 30520 40955 346 32864
64 4905 15 327 30344 40718 347 32674
64 4578 14 327 30168 40481 347 32484
64 4251 13 327 29991 40245 346 32295
64 3924 12 327 29815 40008 347 32105
64 3597 11 327 29639 39772 346 31915
64 3270 10 327 29462 39535 347 31725
64 2943 9 327 29286 39299 346 31535
64 2616 8 327 29110 39062 347 31346
64 2289 7 327 28934 38825 347 31156
64 1962 6 327 28757 38589 346 30966
64 1635 5 327 28581 38352 347 30776
64 1308 4 327 28405 38116 346 30586
64 981 3 327 28228 37879 347 30396
64 654 2 327 28052 37643 346 30207
64 327 1 327 27876 37406 347 30017
65 32700 100 327 45556 61391 7053 49109
65 32373 99 327 45377 61150 351 48917
65 32046 98 327 45198 60909 351 48724
65 31719 97 327 45019 60668 351 48531
65 31392 96 327 44841 60427 351 48338
65 31065 95 327 44662 60186 351 48145
65 30738 94 327 44483 59945 351 47953
65 30411 93 327 44304 59704 351 47760
65 30085 92 327 44126 59463 351 47567
65 29757 91 327 43946 59222 351 47374
65 29430 90 327 43767 58981 351 47181
65 29103 89 327 43589 58740 351 46989
65 28776 88 327 43410 58499 351 46796
65 28449 87 327 43231 58258 351 46603
65 28122 86 327 43052 58017 351 46410
65 27795 85 327 42873 57776 351 46217
65 27468 84 327 42694 57534 352 46024
65 27141 83 327 42515 57293 351 45831
65 26814 82 327 42337 57052 351 45639
65 26487 81 327 42158 56811 351 45446
65 26160 80 327 41979 56570 351 45253
65 25833 79 327 41800 56329 351 45060
65 25506 78 327 41621 56088 351 44867
65 25179 77 327 41442 55847 351 44675
65 24852 76 327 41263 55606 351 44482
65 24525 75 327 41084 55365 351 44289
65 24198 74 327 40906 55124 351 44096
65 23871 73 327 40727 54883 351 43903
65 23544 72 327 40548 54642 351 43711
65 23217 71 327 40369 54401 351 43518
65 22890 70 327 40190 54160 351 43325
65 22563 69 327 40011 53919 351 43132
65 22236 68 327 39832 53678 351 42939
65 21909 67 327 39654 53437 351 42747
65 21582 66 327 39475 53196 351 42554
65 21255 65 327 39296 52955 351 42361
65 20928 64 327 39117 52714 351 42168
65 20601 63 327 38938 52473 351 41975
65 20274 62 327 38759 52232 351 41783
65 19947 61 327 38580 51991 351 41590
65 19620 60 327 38402 51750 351 41397
65 19293 58 327 38223 51509 351 41204
65 18966 58 327 38044 51268 351 41011
65 18639 57 327 37865 51027 351 40819
65 18312 56 327 37686 50786 351 40626
65 17985 55 327 37507 50545 351 40433
65 17658 54 327 37328 50304 351 40240
65 17331 52 327 37150 50062 352 40047
65 17004 52 327 36971 49821 351 39854
65 16677 51 327 36792 49580 351 39661
65 16350 50 327 36613 49339 351 39469
65 16023 49 327 36434 49098 351 39276
65 15696 48 327 36255 48857 351 39083
65 15369 47 327 36076 48616 351 38890
65 15042 46 327 35898 48375 351 38697
65 14715 45 327 35719 48134 351 38505
65 14388 44 327 35540 47893 351 38312
65 14061 43 327 35361 47652 351 38119
65 13734 42 327 35182 47411 351 37926
65 13407 41 327 35003 47170 351 37733
65 13080 40 327 34824 46929 351 37541
65 12753 39 327 34645 46688 351 37348
65 12426 38 327 34467 46447 351 37155
65 12099 37 327 34288 46206 351 36962
65 11772 36 327 34109 45965 351 36769
65 11445 35 327 33930 45724 351 36577
65 11118 34 327 33751 45483 351 36384
65 10791 33 327 33572 45242 351 36191
65 10464 32 327 33393 45001 351 35998
65 10137 31 327 33215 44760 351 35805
65 9810 30 327 33036 44519 351 35613
65 9483 29 327 32857 44278 351 35420
65 9156 28 327 32678 44037 351 35227
65 8829 27 327 32499 43796 351 35034
65 8502 26 327 32320 43555 351 34841
65 8175 25 327 32141 43314 351 34649
65 7848 24 327 31963 43073 351 34456
65 7521 23 327 31784 42832 351 34263
65 7194 22 327 31605 42591 351 34070
65 6867 21 327 31426 42349 352 33877
65 6540 20 327 31247 42108 351 33684
65 6213 19 327 31068 41867 351 33491
65 5886 18 327 30889 41626 351 33299
65 5559 17 327 30711 41385 351 33106
65 5232 16 327 30532 41144 351 32913
65 4905 15 327 30353 40903 351 32720
65 4578 14 327 30174 40662 351 32527
65 4251 13 327 29995 40421 351 32335
65 3924 12 327 29816 40180 351 32142
65 3597 11 327 29637 39939 351 31949
65 3270 10 327 29459 39698 351 31756
65 2943 9 327 29280 39457 351 31563
65 2616 8 327 29101 39216 351 31371
65 2289 7 327 28922 38975 351 31178
65 1962 6 327 28743 38734 351 30985
65 1635 5 327 28564 38493 351 30792
65 1308 4 327 28385 38252 351 30599
65 981 3 327 28207 38011 351 30407
65 654 2 327 28028 37770 351 30214
65 327 1 327 27849 37529 351 30021
