40 32700 100 327 11144 13466 2245 11679
40 32374 99 327 11113 13428 2240 11646
40 32046 98 327 11081 13390 2233 11613
40 31719 97 327 11050 13352 2228 11580
40 31392 96 327 11019 13314 2222 11548
40 31065 95 327 10987 13276 2215 11515
40 30738 94 327 10956 13238 2210 11482
40 30411 93 327 10924 13200 2203 11449
40 30084 92 327 10893 13162 2198 11416
40 29757 91 327 10862 13124 2192 11383
40 29430 90 327 10830 13087 2185 11350
40 29103 89 327 10799 13049 2179 11317
40 28776 88 327 10767 13011 2172 11284
40 28449 87 327 10736 12973 2167 11251
40 28122 86 327 10705 12935 2162 11219
40 27795 85 327 10673 12897 2155 11186
40 27468 84 327 10642 12859 2149 11153
40 27141 83 327 10610 12821 2143 11120
40 26814 82 327 10579 12783 2137 11087
40 26487 81 327 10548 12745 2132 11054
40 26160 80 327 10516 12707 2125 11021
40 25833 79 327 10485 12669 2120 10988
40 25506 78 327 10454 12631 2114 10955
40 25179 77 327 10422 12593 2107 10922
40 24852 76 327 10391 12555 2102 10889
40 24525 75 327 10359 12518 2094 10857
40 24198 74 327 10328 12480 2089 10824
40 23871 73 327 10297 12442 2083 10791
40 23544 72 327 10265 12404 2077 10758
40 23217 71 327 10234 12366 2071 10725
40 22890 70 327 10202 12328 2064 10692
40 22563 69 327 10171 12290 2059 10659
40 22236 68 327 10140 12252 2054 10626
40 21909 67 327 10108 12214 2047 10593
40 21582 66 327 10077 12176 2041 10560
40 21255 65 327 10045 12138 2035 10528
40 20928 64 327 10014 12100 2029 10495
40 20601 63 327 9983 12062 2024 10462
40 20274 62 327 9951 12024 2017 10429
40 19947 61 327 9920 11987 2011 10396
40 19620 60 327 9888 11949 2004 10363
40 19293 58 327 9857 11911 1998 10330
40 18966 58 327 9826 11873 1993 10297
40 18639 57 327 9794 11835 1986 10264
40 18312 56 327 9763 11797 1981 10232
40 17985 55 327 9732 11759 1975 10199
40 17658 54 327 9700 11721 1969 10166
40 17331 52 327 9669 11683 1963 10133
40 17004 52 327 9637 11645 1956 10100
40 16677 51 327 9606 11607 1951 10067
40 16350 50 327 9575 11569 1946 10034
40 16023 49 327 9543 11531 1939 10001
40 15696 48 327 9512 11493 1933 9968
40 15369 47 327 9480 11455 1927 9935
40 15042 46 327 9449 11418 1920 9903
40 14715 45 327 9418 11380 1915 9870
40 14388 44 327 9386 11342 1908 9837
40 14061 43 327 9355 11304 1903 9804
40 13735 42 327 9324 11266 1896 9771
40 13407 41 327 9292 11228 1890 9738
40 13080 40 327 9261 11190 1885 9705
40 12753 39 327 9229 11152 1878 9672
40 12426 38 327 9198 11114 1873 9639
40 12099 37 327 9166 11076 1866 9606
40 11772 36 327 9135 11038 1861 9573
40 11445 35 327 9104 11000 1855 9541
40 11118 34 327 9072 10962 1848 9508
40 10792 33 327 9041 10925 1842 9475
40 10464 32 327 9010 10886 1838 9442
40 10137 31 327 8978 10849 1830 9409
40 9810 30 327 8947 10811 1824 9376
40 9483 29 327 8915 10773 1818 9343
40 9156 28 327 8884 10735 1812 9310
40 8829 27 327 8853 10697 1807 9278
40 8503 26 327 8821 10659 1800 9245
40 8175 25 327 8790 10621 1795 9212
40 7848 24 327 8758 10583 1788 9179
40 7521 23 327 8727 10545 1782 9146
40 7194 22 327 8696 10507 1777 9113
40 6867 21 327 8664 10469 1770 9080
40 6540 20 327 8633 10431 1765 9047
40 6213 19 327 8601 10393 1758 9014
40 5886 18 327 8570 10355 1753 8981
40 5559 17 327 8539 10318 1746 8949
40 5232 16 327 8507 10280 1739 8916
40 4905 15 327 8476 10242 1734 8883
40 4578 14 327 8444 10204 1727 8850
40 4251 13 327 8413 10166 1722 8817
40 3924 12 327 8382 10128 1716 8784
40 3597 11 327 8350 10090 1710 8751
40 3270 10 327 8319 10052 1704 8718
40 2943 9 327 8287 10014 1697 8685
40 2616 8 327 8256 9976 1692 8652
40 2289 7 327 8225 9938 1687 8619
40 1962 6 327 8193 9900 1680 8587
40 1635 5 327 8162 9862 1674 8554
40 1308 4 327 8131 9824 1669 8521
40 981 3 327 8099 9786 1662 8488
40 654 2 327 8068 9749 1656 8455
40 327 1 327 8036 9711 1649 8422
41 32700 100 327 11211 13607 2198 11762
41 32373 99 327 11179 13568 2192 11729
41 32046 98 327 11147 13529 2186 11695
41 31719 97 327 11115 13490 2181 11661
41 31392 96 327 11082 13451 2173 11628
41 31065 95 327 11050 13412 2168 11594
41 30738 94 327 11018 13373 2162 11560
41 30411 93 327 10986 13334 2156 11526
41 30085 92 327 10954 13295 2150 11493
41 29757 91 327 10922 13256 2144 11459
41 29430 90 327 10890 13217 2139 11425
41 29103 89 327 10857 13178 2131 11391
41 28776 88 327 10825 13139 2126 11358
41 28449 87 327 10793 13100 2120 11324
41 28122 86 327 10761 13061 2114 11290
41 27795 85 327 10729 13022 2108 11257
41 27468 84 327 10697 12983 2102 11223
41 27141 83 327 10665 12944 2097 11189
41 26814 82 327 10632 12905 2089 11155
41 26487 81 327 10600 12866 2084 11122
41 26160 80 327 10568 12827 2078 11088
41 25833 79 327 10536 12788 2072 11054
41 25506 78 327 10504 12749 2066 11021
41 25179 77 327 10472 12710 2060 10987
41 24852 76 327 10440 12671 2055 10953
41 24525 75 327 10407 12632 2047 10919
41 24198 74 327 10375 12593 2042 10886
41 23871 73 327 10343 12554 2036 10852
41 23544 72 327 10311 12515 2030 10818
41 23217 71 327 10279 12476 2024 10785
41 22890 70 327 10247 12437 2018 10751
41 22563 69 327 10215 12398 2013 10717
41 22236 68 327 10182 12359 2005 10683
41 21909 67 327 10150 12320 2000 10650
41 21582 66 327 10118 12281 1994 10616
41 21255 65 327 10086 12242 1988 10582
41 20928 64 327 10054 12203 1982 10548
41 20601 63 327 10022 12164 1976 10515
41 20274 62 327 9990 12125 1971 10481
41 19947 61 327 9957 12086 1963 10447
41 19620 60 327 9925 12047 1958 10414
41 19293 58 327 9893 12008 1952 10380
41 18966 58 327 9861 11969 1946 10346
41 18639 57 327 9829 11930 1940 10312
41 18313 56 327 9797 11891 1934 10279
41 17985 55 327 9765 11852 1929 10245
41 17658 54 327 9732 11813 1921 10211
41 17331 52 327 9700 11774 1916 10178
41 17004 52 327 9668 11735 1910 10144
41 16677 51 327 9636 11696 1904 10110
41 16350 50 327 9604 11657 1898 10076
41 16023 49 327 9572 11618 1892 10043
41 15696 48 327 9539 11579 1885 10009
41 15369 47 327 9507 11540 1879 9975
41 15042 46 327 9475 11501 1874 9941
41 14715 45 327 9443 11462 1868 9908
41 14388 44 327 9411 11423 1862 9874
41 14061 43 327 9379 11384 1856 9840
41 13734 42 327 9347 11345 1850 9807
41 13407 41 327 9314 11306 1843 9773
41 13080 40 327 9282 11267 1837 9739
41 12753 39 327 9250 11228 1832 9705
41 12426 38 327 9218 11189 1826 9672
41 12099 37 327 9186 11150 1820 9638
41 11772 36 327 9154 11111 1814 9604
41 11445 35 327 9122 11072 1808 9571
41 11118 34 327 9089 11033 1801 9537
41 10791 33 327 9057 10993 1796 9503
41 10464 32 327 9025 10954 1791 9469
41 10137 31 327 8993 10915 1785 9435
41 9810 30 327 8961 10876 1779 9402
41 9483 29 327 8929 10837 1773 9368
41 9156 28 327 8897 10798 1767 9334
41 8829 27 327 8864 10759 1760 9301
41 8503 26 327 8832 10721 1753 9267
41 8175 25 327 8800 10681 1749 9233
41 7849 24 327 8768 10642 1743 9199
41 7521 23 327 8736 10603 1737 9166
41 7194 22 327 8704 10564 1731 9132
41 6867 21 327 8672 10525 1725 9098
41 6540 20 327 8639 10486 1718 9064
41 6213 19 327 8607 10447 1712 9031
41 5886 18 327 8575 10408 1707 8997
41 5559 17 327 8543 10369 1701 8963
41 5232 16 327 8511 10330 1695 8930
41 4905 15 327 8479 10291 1689 8896
41 4578 14 327 8447 10252 1683 8862
41 4251 13 327 8414 10213 1676 8828
41 3924 12 327 8382 10174 1670 8795
41 3597 11 327 8350 10135 1665 8761
41 3270 10 327 8318 10096 1659 8727
41 2943 9 327 8286 10057 1653 8694
41 2616 8 327 8254 10018 1647 8660
41 2289 7 327 8222 9979 1641 8626
41 1962 6 327 8189 9940 1634 8592
41 1635 5 327 8157 9901 1628 8559
41 1308 4 327 8125 9862 1623 8525
41 981 3 327 8093 9823 1617 8491
41 654 2 327 8061 9784 1611 8457
41 327 1 327 8029 9745 1605 8424
42 32700 100 327 11278 13750 2149 11846
42 32373 99 327 11245 13710 2143 11812
42 32046 98 327 11212 13669 2137 11777
42 31719 97 327 11179 13629 2131 11742
42 31392 96 327 11146 13589 2125 11708
42 31065 95 327 11113 13549 2119 11673
42 30738 94 327 11080 13509 2113 11639
42 30411 93 327 11047 13469 2106 11604
42 30084 92 327 11014 13429 2100 11570
42 29757 91 327 10982 13389 2095 11535
42 29430 90 327 10949 13349 2089 11501
42 29103 89 327 10916 13309 2083 11466
42 28776 88 327 10883 13268 2078 11431
42 28449 87 327 10850 13228 2072 11397
42 28122 86 327 10817 13188 2065 11362
42 27795 85 327 10784 13148 2059 11328
42 27468 84 327 10751 13108 2053 11293
42 27141 83 327 10718 13068 2047 11259
42 26814 82 327 10686 13028 2042 11224
42 26487 81 327 10653 12988 2036 11190
42 26160 80 327 10620 12948 2030 11155
42 25833 79 327 10587 12908 2023 11121
42 25506 78 327 10554 12867 2018 11086
42 25179 77 327 10521 12827 2012 11051
42 24852 76 327 10488 12787 2006 11017
42 24525 75 327 10455 12747 2000 10982
42 24198 74 327 10422 12707 1993 10948
42 23871 73 327 10389 12667 1987 10913
42 23544 72 327 10357 12627 1982 10879
42 23217 71 327 10324 12587 1976 10844
42 22890 70 327 10291 12547 1970 10810
42 22563 69 327 10258 12506 1965 10775
42 22236 68 327 10225 12466 1959 10740
42 21909 67 327 10192 12426 1952 10706
42 21582 66 327 10159 12386 1946 10671
42 21255 65 327 10126 12346 1940 10637
42 20928 64 327 10093 12306 1934 10602
42 20601 63 327 10061 12266 1929 10568
42 20274 62 327 10028 12226 1923 10533
42 19947 61 327 9995 12186 1917 10499
42 19620 60 327 9962 12146 1910 10464
42 19293 58 327 9929 12105 1905 10429
42 18966 58 327 9896 12065 1899 10395
42 18639 57 327 9863 12025 1893 10360
42 18312 56 327 9830 11985 1887 10326
42 17985 55 327 9797 11945 1880 10291
42 17658 54 327 9765 11905 1876 10257
42 17331 52 327 9732 11865 1869 10222
42 17004 52 327 9699 11825 1863 10188
42 16677 51 327 9666 11785 1857 10153
42 16350 50 327 9633 11745 1851 10119
42 16023 49 327 9600 11704 1846 10084
42 15696 48 327 9567 11664 1839 10049
42 15369 47 327 9534 11624 1833 10015
42 15042 46 327 9501 11584 1827 9980
42 14715 45 327 9468 11544 1821 9946
42 14388 44 327 9436 11504 1816 9911
42 14061 43 327 9403 11464 1810 9877
42 13734 42 327 9370 11424 1804 9842
42 13407 41 327 9337 11384 1797 9808
42 13080 40 327 9304 11343 1792 9773
42 12753 39 327 9271 11303 1786 9738
42 12426 38 327 9238 11263 1780 9704
42 12099 37 327 9205 11223 1774 9669
42 11772 36 327 9172 11183 1767 9635
42 11446 35 327 9140 11143 1763 9600
42 11118 34 327 9107 11103 1756 9566
42 10792 33 327 9074 11063 1750 9531
42 10464 32 327 9041 11023 1744 9497
42 10137 31 327 9008 10983 1738 9462
42 9810 30 327 8975 10942 1733 9427
42 9483 29 327 8942 10902 1726 9393
42 9156 28 327 8909 10862 1720 9358
42 8829 27 327 8876 10822 1714 9324
42 8502 26 327 8843 10782 1708 9289
42 8175 25 327 8811 10742 1703 9255
42 7848 24 327 8778 10702 1697 9220
42 7521 23 327 8745 10662 1691 9186
42 7194 22 327 8712 10622 1684 9151
42 6867 21 327 8679 10582 1678 9117
42 6540 20 327 8646 10541 1673 9082
42 6213 19 327 8613 10501 1667 9047
42 5886 18 327 8580 10461 1661 9013
42 5559 17 327 8547 10421 1654 8978
42 5232 16 327 8515 10381 1650 8944
42 4905 15 327 8482 10341 1643 8909
42 4578 14 327 8449 10301 1637 8875
42 4251 13 327 8416 10261 1631 8840
42 3924 12 327 8383 10221 1625 8806
42 3597 11 327 8350 10181 1619 8771
42 3270 10 327 8317 10140 1613 8736
42 2943 9 327 8284 10100 1607 8702
42 2616 8 327 8251 10060 1601 8667
42 2289 7 327 8219 10020 1596 8633
42 1962 6 327 8186 9980 1590 8598
42 1635 5 327 8153 9940 1584 8564
42 1308 4 327 8120 9900 1578 8529
42 981 3 327 8087 9860 1571 8495
42 654 2 327 8054 9820 1565 8460
42 327 1 327 8021 9779 1560 8425
43 32700 100 327 11344 13893 2098 11930
43 32373 99 327 11310 13851 2093 11894
43 32046 98 327 11277 13810 2087 11859
43 31719 97 327 11243 13769 2081 11823
43 31392 96 327 11209 13728 2074 11788
43 31065 95 327 11176 13687 2069 11753
43 30738 94 327 11142 13645 2063 11717
43 30412 93 327 11109 13604 2058 11682
43 30084 92 327 11075 13563 2052 11646
43 29757 91 327 11041 13522 2045 11611
43 29430 90 327 11008 13481 2040 11576
43 29103 89 327 10974 13439 2034 11540
43 28776 88 327 10940 13398 2028 11505
43 28449 87 327 10907 13357 2022 11469
43 28122 86 327 10873 13316 2016 11434
43 27795 85 327 10839 13275 2009 11399
43 27468 84 327 10806 13233 2005 11363
43 27141 83 327 10772 13192 1998 11328
43 26814 82 327 10739 13151 1993 11293
43 26487 81 327 10705 13110 1987 11257
43 26160 80 327 10671 13069 1980 11222
43 25834 79 327 10638 13028 1975 11187
43 25506 78 327 10604 12986 1969 11151
43 25179 77 327 10570 12945 1963 11116
43 24852 76 327 10537 12904 1957 11080
43 24525 75 327 10503 12863 1951 11045
43 24198 74 327 10469 12821 1945 11009
43 23871 73 327 10436 12780 1940 10974
43 23544 72 327 10402 12739 1933 10939
43 23217 71 327 10368 12698 1927 10904
43 22890 70 327 10335 12657 1922 10868
43 22564 69 327 10301 12616 1915 10833
43 22236 68 327 10268 12574 1911 10797
43 21909 67 327 10234 12533 1904 10762
43 21582 66 327 10200 12492 1898 10727
43 21255 65 327 10167 12451 1892 10691
43 20928 64 327 10133 12409 1887 10656
43 20601 63 327 10099 12368 1880 10620
43 20274 62 327 10066 12327 1875 10585
43 19947 61 327 10032 12286 1868 10550
43 19620 60 327 9998 12245 1862 10514
43 19293 58 327 9965 12203 1858 10479
43 18966 58 327 9931 12162 1851 10443
43 18639 57 327 9897 12121 1844 10408
43 18312 56 327 9864 12080 1839 10373
43 17985 55 327 9830 12039 1833 10338
43 17658 54 327 9797 11997 1828 10302
43 17331 52 327 9763 11956 1822 10267
43 17004 52 327 9729 11915 1815 10231
43 16677 51 327 9696 11874 1810 10196
43 16350 50 327 9662 11833 1803 10161
43 16023 49 327 9628 11791 1798 10125
43 15696 48 327 9595 11750 1793 10090
43 15369 47 327 9561 11709 1786 10054
43 15042 46 327 9527 11668 1779 10019
43 14716 45 327 9494 11627 1774 9984
43 14388 44 327 9460 11585 1769 9948
43 14061 43 327 9427 11544 1763 9913
43 13734 42 327 9393 11503 1757 9878
43 13407 41 327 9359 11462 1750 9842
43 13080 40 327 9326 11421 1745 9807
43 12753 39 327 9292 11379 1739 9771
43 12426 38 327 9258 11338 1733 9736
43 12099 37 327 9225 11297 1728 9701
43 11772 36 327 9191 11256 1721 9665
43 11445 35 327 9157 11215 1714 9630
43 11118 34 327 9124 11173 1710 9594
43 10791 33 327 9090 11132 1704 9559
43 10464 32 327 9056 11091 1697 9524
43 10137 31 327 9023 11050 1692 9488
43 9810 30 327 8989 11009 1685 9453
43 9483 29 327 8956 10967 1681 9417
43 9156 28 327 8922 10926 1674 9382
43 8829 27 327 8888 10885 1668 9347
43 8502 26 327 8855 10844 1663 9312
43 8175 25 327 8821 10803 1656 9276
43 7848 24 327 8787 10761 1650 9241
43 7521 23 327 8754 10720 1645 9205
43 7194 22 327 8720 10679 1639 9170
43 6867 21 327 8686 10638 1632 9135
43 6540 20 327 8653 10597 1627 9099
43 6213 19 327 8619 10555 1621 9064
43 5886 18 327 8585 10514 1615 9028
43 5559 17 327 8552 10473 1609 8993
43 5232 16 327 8518 10432 1603 8958
43 4905 15 327 8485 10391 1598 8922
43 4578 14 327 8451 10350 1591 8887
43 4251 13 327 8417 10308 1585 8852
43 3924 12 327 8384 10267 1580 8816
43 3597 11 327 8350 10226 1574 8781
43 3270 10 327 8316 10185 1567 8746
43 2943 9 327 8283 10144 1562 8710
43 2616 8 327 8249 10102 1556 8675
43 2289 7 327 8215 10061 1550 8639
43 1962 6 327 8182 10020 1544 8604
43 1635 5 327 8148 9979 1538 8569
43 1308 4 327 8115 9938 1533 8533
43 981 3 327 8081 9896 1527 8498
43 654 2 327 8047 9855 1520 8462
43 327 1 327 8014 9814 1515 8427
44 32700 100 327 11410 14036 2048 12013
44 32373 99 327 11376 13994 2042 11977
44 32046 98 327 11342 13952 2036 11941
44 31719 97 327 11307 13909 2030 11904
44 31392 96 327 11273 13867 2025 11868
44 31065 95 327 11238 13825 2018 11832
44 30738 94 327 11204 13782 2013 11795
44 30411 93 327 11170 13740 2008 11759
44 30084 92 327 11135 13698 2001 11723
44 29757 91 327 11101 13655 1996 11687
44 29430 90 327 11066 13613 1989 11651
44 29104 89 327 11032 13571 1983 11615
44 28776 88 327 10998 13529 1978 11579
44 28449 87 327 10963 13486 1972 11542
44 28122 86 327 10929 13444 1966 11506
44 27795 85 327 10895 13402 1961 11470
44 27468 84 327 10860 13359 1955 11433
44 27141 83 327 10826 13317 1949 11397
44 26815 82 327 10791 13275 1942 11361
44 26487 81 327 10757 13232 1937 11325
44 26160 80 327 10723 13190 1932 11289
44 25833 79 327 10688 13148 1925 11253
44 25506 78 327 10654 13106 1919 11216
44 25179 77 327 10619 13063 1913 11180
44 24852 76 327 10585 13021 1908 11144
44 24525 75 327 10551 12979 1902 11108
44 24198 74 327 10516 12936 1896 11071
44 23871 73 327 10482 12894 1890 11035
44 23544 72 327 10447 12852 1883 10999
44 23217 71 327 10413 12809 1879 10963
44 22891 70 327 10379 12767 1873 10927
44 22563 69 327 10344 12725 1866 10891
44 22236 68 327 10310 12683 1861 10854
44 21909 67 327 10276 12640 1856 10818
44 21582 66 327 10241 12598 1849 10782
44 21255 65 327 10207 12556 1843 10746
44 20928 64 327 10172 12513 1837 10709
44 20601 63 327 10138 12471 1832 10673
44 20274 62 327 10104 12429 1826 10637
44 19947 61 327 10069 12386 1820 10601
44 19620 60 327 10035 12344 1815 10565
44 19293 58 327 10000 12302 1808 10529
44 18966 58 327 9966 12260 1802 10492
44 18639 57 327 9932 12217 1797 10456
44 18312 56 327 9897 12175 1790 10420
44 17985 55 327 9863 12133 1785 10384
44 17658 54 327 9829 12090 1780 10347
44 17331 52 327 9794 12048 1773 10311
44 17004 52 327 9760 12006 1768 10275
44 16677 51 327 9725 11963 1762 10239
44 16350 50 327 9691 11921 1756 10203
44 16023 49 327 9657 11879 1750 10167
44 15696 48 327 9622 11837 1743 10130
44 15369 47 327 9588 11794 1739 10094
44 15042 46 327 9553 11752 1732 10058
44 14715 45 327 9519 11710 1726 10022
44 14388 44 327 9485 11667 1722 9985
44 14061 43 327 9450 11625 1715 9949
44 13734 42 327 9416 11583 1709 9913
44 13407 41 327 9381 11540 1703 9877
44 13080 40 327 9347 11498 1697 9841
44 12753 39 327 9313 11456 1692 9804
44 12426 38 327 9278 11414 1685 9768
44 12099 37 327 9244 11371 1680 9732
44 11772 36 327 9210 11329 1675 9696
44 11445 35 327 9175 11287 1668 9660
44 11118 34 327 9141 11244 1663 9623
44 10791 33 327 9106 11202 1656 9587
44 10464 32 327 9072 11160 1650 9551
44 10138 31 327 9038 11118 1645 9515
44 9811 30 327 9003 11075 1639 9479
44 9483 29 327 8969 11033 1633 9442
44 9156 28 327 8934 10990 1627 9406
44 8829 27 327 8900 10948 1622 9370
44 8502 26 327 8866 10906 1616 9334
44 8175 25 327 8831 10864 1609 9298
44 7848 24 327 8797 10821 1604 9261
44 7521 23 327 8763 10779 1599 9225
44 7194 22 327 8728 10737 1592 9189
44 6867 21 327 8694 10694 1587 9153
44 6540 20 327 8659 10652 1580 9117
44 6213 19 327 8625 10610 1575 9080
44 5886 18 327 8591 10567 1570 9044
44 5559 17 327 8556 10525 1563 9008
44 5232 16 327 8522 10483 1557 8972
44 4905 15 327 8487 10441 1550 8936
44 4578 14 327 8453 10398 1546 8899
44 4251 13 327 8419 10356 1540 8863
44 3924 12 327 8384 10314 1533 8827
44 3597 11 327 8350 10271 1529 8791
44 3270 10 327 8315 10229 1522 8755
44 2943 9 327 8281 10187 1516 8718
44 2616 8 327 8247 10144 1511 8682
44 2289 7 327 8212 10102 1504 8646
44 1962 6 327 8178 10060 1499 8610
44 1635 5 327 8144 10018 1493 8574
44 1308 4 327 8109 9975 1487 8537
44 981 3 327 8075 9933 1482 8501
44 654 2 327 8040 9891 1475 8465
44 327 1 327 8006 9848 1470 8429
45 32700 100 327 11476 14180 1996 12096
45 32373 99 327 11441 14137 1990 12059
45 32046 98 327 11406 14094 1984 12022
45 31719 97 327 11371 14050 1979 11985
45 31393 96 327 11336 14007 1973 11948
45 31065 95 327 11301 13963 1968 11911
45 30738 94 327 11266 13920 1962 11874
45 30411 93 327 11231 13876 1957 11837
45 30084 92 327 11195 13833 1950 11800
45 29757 91 327 11160 13790 1944 11763
45 29430 90 327 11125 13746 1939 11726
45 29103 89 327 11090 13703 1933 11689
45 28776 88 327 11055 13659 1928 11652
45 28449 87 327 11020 13616 1922 11615
45 28122 86 327 10985 13573 1916 11578
45 27795 85 327 10949 13529 1909 11541
45 27469 84 327 10914 13486 1903 11504
45 27141 83 327 10879 13442 1898 11467
45 26814 82 327 10844 13399 1892 11430
45 26487 81 327 10809 13356 1886 11393
45 26160 80 327 10774 13312 1881 11356
45 25833 79 327 10739 13269 1875 11319
45 25506 78 327 10704 13225 1870 11281
45 25179 77 327 10668 13182 1863 11245
45 24852 76 327 10633 13139 1857 11208
45 24525 75 327 10598 13095 1852 11170
45 24198 74 327 10563 13052 1846 11134
45 23871 73 327 10528 13008 1841 11096
45 23544 72 327 10493 12965 1835 11059
45 23217 71 327 10458 12921 1830 11022
45 22890 70 327 10423 12878 1824 10985
45 22563 69 327 10387 12835 1816 10948
45 22236 68 327 10352 12791 1811 10911
45 21909 67 327 10317 12748 1805 10874
45 21582 66 327 10282 12704 1800 10837
45 21255 65 327 10247 12661 1794 10800
45 20928 64 327 10212 12618 1788 10763
45 20601 63 327 10177 12574 1783 10726
45 20274 62 327 10141 12531 1776 10689
45 19947 61 327 10106 12487 1771 10652
45 19620 60 327 10071 12444 1765 10615
45 19293 58 327 10036 12401 1759 10578
45 18966 58 327 10001 12357 1754 10541
45 18639 57 327 9966 12314 1748 10504
45 18312 56 327 9931 12270 1743 10467
45 17985 55 327 9896 12227 1737 10430
45 17658 54 327 9860 12184 1730 10393
45 17331 52 327 9825 12140 1725 10356
45 17004 52 327 9790 12097 1719 10319
45 16677 51 327 9755 12053 1714 10282
45 16350 50 327 9720 12010 1708 10245
45 16023 49 327 9685 11966 1703 10208
45 15696 48 327 9650 11923 1697 10171
45 15369 47 327 9614 11880 1689 10134
45 15042 46 327 9579 11836 1684 10097
45 14715 45 327 9544 11793 1678 10060
45 14388 44 327 9509 11749 1673 10022
45 14061 43 327 9474 11706 1667 9986
45 13734 42 327 9439 11663 1661 9949
45 13407 41 327 9404 11619 1656 9911
45 13080 40 327 9369 11576 1650 9875
45 12753 39 327 9333 11532 1644 9837
45 12426 38 327 9298 11489 1638 9800
45 12099 37 327 9263 11446 1632 9763
45 11772 36 327 9228 11402 1627 9726
45 11445 35 327 9193 11359 1621 9689
45 11118 34 327 9158 11315 1616 9652
45 10791 33 327 9123 11272 1610 9615
45 10464 32 327 9087 11229 1602 9578
45 10137 31 327 9052 11185 1597 9541
45 9810 30 327 9017 11142 1591 9504
45 9483 29 327 8982 11098 1586 9467
45 9156 28 327 8947 11055 1580 9430
45 8829 27 327 8912 11011 1575 9393
45 8502 26 327 8877 10968 1569 9356
45 8175 25 327 8842 10925 1563 9319
45 7848 24 327 8806 10881 1557 9282
45 7521 23 327 8771 10838 1551 9245
45 7194 22 327 8736 10794 1546 9208
45 6867 21 327 8701 10751 1540 9171
45 6540 20 327 8666 10708 1534 9134
45 6213 19 327 8631 10664 1529 9097
45 5886 18 327 8596 10621 1523 9060
45 5559 17 327 8561 10577 1518 9023
45 5233 16 327 8525 10534 1511 8986
45 4905 15 327 8490 10491 1505 8949
45 4578 14 327 8455 10447 1500 8912
45 4251 13 327 8420 10404 1494 8875
45 3924 12 327 8385 10360 1489 8838
45 3597 11 327 8350 10317 1483 8801
45 3270 10 327 8315 10274 1477 8764
45 2943 9 327 8279 10230 1470 8727
45 2616 8 327 8244 10187 1464 8690
45 2289 7 327 8209 10143 1459 8652
45 1962 6 327 8174 10100 1453 8615
45 1635 5 327 8139 10056 1448 8578
45 1308 4 327 8104 10013 1442 8541
45 981 3 327 8069 9970 1436 8504
45 654 2 327 8034 9926 1431 8467
45 327 1 327 7998 9883 1424 8430
46 32700 100 327 11542 14325 1943 12180
46 32373 99 327 11507 14281 1938 12142
46 32046 98 327 11471 14236 1933 12104
46 31719 97 327 11435 14192 1927 12066
46 31392 96 327 11399 14147 1921 12028
46 31065 95 327 11363 14103 1915 11990
46 30738 94 327 11327 14058 1909 11952
46 30411 93 327 11291 14014 1903 11915
46 30084 92 327 11255 13969 1898 11877
46 29757 91 327 11220 13924 1894 11839
46 29430 90 327 11184 13880 1887 11801
46 29103 89 327 11148 13835 1882 11763
46 28776 88 327 11112 13791 1875 11725
46 28449 87 327 11076 13746 1870 11687
46 28122 86 327 11040 13702 1864 11650
46 27795 85 327 11004 13657 1858 11612
46 27468 84 327 10968 13613 1852 11574
46 27141 83 327 10933 13568 1848 11536
46 26814 82 327 10897 13524 1841 11498
46 26487 81 327 10861 13479 1836 11460
46 26160 80 327 10825 13435 1830 11423
46 25833 79 327 10789 13390 1824 11385
46 25506 78 327 10753 13346 1818 11347
46 25179 77 327 10717 13301 1812 11309
46 24852 76 327 10681 13257 1806 11271
46 24525 75 327 10646 13212 1802 11233
46 24198 74 327 10610 13168 1796 11195
46 23871 73 327 10574 13123 1790 11157
46 23544 72 327 10538 13079 1784 11120
46 23217 71 327 10502 13034 1778 11082
46 22890 70 327 10466 12989 1773 11044
46 22563 69 327 10430 12945 1767 11006
46 22236 68 327 10394 12900 1761 10968
46 21909 67 327 10359 12856 1756 10930
46 21582 66 327 10323 12811 1751 10892
46 21255 65 327 10287 12767 1744 10855
46 20928 64 327 10251 12722 1739 10817
46 20601 63 327 10215 12678 1733 10779
46 20274 62 327 10179 12633 1727 10741
46 19947 61 327 10143 12589 1721 10703
46 19620 60 327 10107 12544 1715 10665
46 19293 58 327 10072 12500 1710 10628
46 18966 58 327 10036 12455 1705 10590
46 18639 57 327 10000 12411 1699 10552
46 18312 56 327 9964 12366 1693 10514
46 17985 55 327 9928 12322 1687 10476
46 17658 54 327 9892 12277 1681 10438
46 17331 52 327 9856 12233 1675 10401
46 17004 52 327 9820 12188 1670 10363
46 16677 51 327 9785 12144 1665 10325
46 16350 50 327 9749 12099 1659 10287
46 16023 49 327 9713 12054 1654 10249
46 15696 48 327 9677 12010 1647 10211
46 15369 47 327 9641 11965 1642 10173
46 15042 46 327 9605 11921 1636 10135
46 14715 45 327 9569 11876 1630 10097
46 14388 44 327 9533 11832 1624 10060
46 14061 43 327 9498 11787 1620 10022
46 13734 42 327 9462 11743 1613 9984
46 13407 41 327 9426 11698 1608 9946
46 13080 40 327 9390 11654 1602 9908
46 12753 39 327 9354 11609 1596 9870
46 12426 38 327 9318 11565 1590 9833
46 12099 37 327 9282 11520 1584 9795
46 11772 36 327 9246 11476 1578 9757
46 11445 35 327 9211 11431 1574 9719
46 11118 34 327 9175 11387 1568 9681
46 10791 33 327 9139 11342 1562 9643
46 10464 32 327 9103 11298 1556 9606
46 10137 31 327 9067 11253 1550 9568
46 9810 30 327 9031 11209 1544 9530
46 9483 29 327 8995 11164 1539 9492
46 9156 28 327 8959 11119 1533 9454
46 8829 27 327 8924 11075 1528 9416
46 8502 26 327 8888 11030 1523 9378
46 8175 25 327 8852 10986 1516 9340
46 7848 24 327 8816 10941 1511 9302
46 7521 23 327 8780 10897 1505 9265
46 7194 22 327 8744 10852 1499 9227
46 6867 21 327 8708 10808 1493 9189
46 6540 20 327 8672 10763 1487 9151
46 6213 19 327 8637 10719 1482 9113
46 5886 18 327 8601 10674 1477 9075
46 5559 17 327 8565 10630 1471 9038
46 5232 16 327 8529 10585 1465 9000
46 4905 15 327 8493 10541 1459 8962
46 4578 14 327 8457 10496 1453 8924
46 4251 13 327 8421 10452 1447 8886
46 3924 12 327 8385 10407 1442 8848
46 3597 11 327 8350 10363 1437 8811
46 3270 10 327 8314 10318 1431 8773
46 2943 9 327 8278 10274 1425 8735
46 2616 8 327 8242 10229 1419 8697
46 2289 7 327 8206 10184 1414 8659
46 1962 6 327 8170 10140 1408 8621
46 1635 5 327 8134 10095 1402 8583
46 1308 4 327 8098 10051 1396 8545
46 981 3 327 8063 10006 1392 8508
46 654 2 327 8027 9962 1385 8470
46 327 1 327 7991 9917 1380 8432
47 32700 100 327 11608 14471 1890 12263
47 32373 99 327 11572 14425 1885 12224
47 32046 98 327 11535 14379 1880 12185
47 31719 97 327 11498 14334 1873 12147
47 31392 96 327 11462 14288 1868 12108
47 31065 95 327 11425 14243 1862 12070
47 30738 94 327 11389 14197 1857 12031
47 30411 93 327 11352 14151 1851 11992
47 30084 92 327 11315 14106 1845 11954
47 29757 91 327 11279 14060 1840 11915
47 29430 90 327 11242 14014 1834 11876
47 29103 89 327 11205 13969 1828 11838
47 28776 88 327 11169 13923 1823 11799
47 28449 87 327 11132 13877 1817 11760
47 28122 86 327 11096 13832 1812 11722
47 27795 85 327 11059 13786 1806 11683
47 27468 84 327 11022 13740 1800 11644
47 27141 83 327 10986 13695 1795 11605
47 26814 82 327 10949 13649 1789 11567
47 26487 81 327 10913 13603 1785 11528
47 26160 80 327 10876 13558 1778 11489
47 25833 79 327 10839 13512 1772 11451
47 25506 78 327 10803 13467 1767 11412
47 25179 77 327 10766 13421 1761 11373
47 24852 76 327 10729 13375 1757 11335
47 24525 75 327 10693 13330 1750 11296
47 24198 74 327 10656 13284 1744 11257
47 23871 73 327 10620 13238 1740 11218
47 23544 72 327 10583 13193 1733 11180
47 23217 71 327 10546 13147 1727 11141
47 22890 70 327 10510 13101 1723 11102
47 22563 69 327 10473 13056 1716 11064
47 22236 68 327 10437 13010 1711 11025
47 21909 67 327 10400 12964 1706 10986
47 21582 66 327 10363 12919 1699 10948
47 21255 65 327 10327 12873 1694 10909
47 20928 64 327 10290 12827 1689 10870
47 20601 63 327 10253 12782 1682 10832
47 20274 62 327 10217 12736 1677 10793
47 19947 61 327 10180 12691 1671 10755
47 19620 60 327 10144 12645 1666 10716
47 19293 58 327 10107 12599 1660 10677
47 18966 58 327 10070 12554 1654 10638
47 18639 57 327 10034 12508 1649 10600
47 18312 56 327 9997 12462 1643 10561
47 17985 55 327 9961 12417 1638 10522
47 17658 54 327 9924 12371 1632 10484
47 17331 52 327 9887 12325 1626 10445
47 17004 52 327 9851 12280 1621 10406
47 16677 51 327 9814 12234 1615 10368
47 16350 50 327 9777 12188 1609 10329
47 16023 49 327 9741 12143 1604 10290
47 15696 48 327 9704 12097 1598 10251
47 15369 47 327 9668 12051 1594 10213
47 15042 46 327 9631 12006 1587 10174
47 14715 45 327 9594 11960 1581 10135
47 14388 44 327 9558 11915 1576 10097
47 14061 43 327 9521 11869 1570 10058
47 13734 42 327 9484 11823 1564 10019
47 13407 41 327 9448 11778 1559 9981
47 13080 40 327 9411 11732 1553 9942
47 12753 39 327 9375 11686 1549 9903
47 12426 38 327 9338 11641 1542 9865
47 12099 37 327 9301 11595 1536 9826
47 11772 36 327 9265 11549 1532 9787
47 11445 35 327 9228 11504 1525 9749
47 11118 34 327 9192 11458 1520 9710
47 10791 33 327 9155 11412 1515 9671
47 10464 32 327 9118 11367 1508 9633
47 10137 31 327 9082 11321 1503 9594
47 9810 30 327 9045 11276 1497 9555
47 9483 29 327 9008 11230 1491 9517
47 9156 28 327 8972 11184 1486 9478
47 8829 27 327 8935 11139 1480 9439
47 8502 26 327 8899 11093 1475 9401
47 8175 25 327 8862 11047 1469 9362
47 7848 24 327 8825 11002 1463 9323
47 7521 23 327 8789 10956 1458 9284
47 7194 22 327 8752 10910 1452 9246
47 6867 21 327 8716 10865 1447 9207
47 6540 20 327 8679 10819 1441 9168
47 6213 19 327 8642 10773 1435 9130
47 5886 18 327 8606 10728 1430 9091
47 5559 17 327 8569 10682 1424 9052
47 5232 16 327 8532 10636 1418 9014
47 4905 15 327 8496 10591 1413 8975
47 4578 14 327 8459 10545 1407 8936
47 4251 13 327 8423 10500 1402 8898
47 3924 12 327 8386 10454 1396 8859
47 3597 11 327 8349 10408 1390 8820
47 3270 10 327 8313 10363 1385 8782
47 2943 9 327 8276 10317 1379 8743
47 2616 8 327 8240 10271 1375 8704
47 2289 7 327 8203 10226 1368 8666
47 1962 6 327 8166 10180 1362 8627
47 1635 5 327 8130 10134 1358 8588
47 1308 4 327 8093 10089 1351 8550
47 981 3 327 8056 10043 1345 8511
47 654 2 327 8020 9997 1341 8472
47 327 1 327 7983 9952 1334 8434
48 32700 100 327 11674 14617 1836 12346
48 32373 99 327 11637 14570 1831 12307
48 32046 98 327 11599 14523 1825 12267
48 31719 97 327 11562 14477 1819 12228
48 31392 96 327 11524 14430 1813 12188
48 31065 95 327 11487 14383 1808 12149
48 30738 94 327 11450 14336 1804 12109
48 30411 93 327 11412 14289 1797 12070
48 30084 92 327 11375 14243 1792 12030
48 29757 91 327 11338 14196 1787 11991
48 29430 90 327 11300 14149 1781 11951
48 29103 89 327 11263 14102 1776 11912
48 28776 88 327 11226 14056 1770 11872
48 28449 87 327 11188 14009 1764 11833
48 28122 86 327 11151 13962 1759 11793
48 27795 85 327 11114 13915 1754 11754
48 27468 84 327 11076 13869 1747 11714
48 27141 83 327 11039 13822 1742 11675
48 26814 82 327 11001 13775 1736 11635
48 26487 81 327 10964 13728 1731 11596
48 26160 80 327 10927 13681 1726 11556
48 25833 79 327 10889 13635 1719 11517
48 25506 78 327 10852 13588 1714 11477
48 25179 77 327 10815 13541 1710 11438
48 24852 76 327 10777 13494 1703 11398
48 24525 75 327 10740 13448 1698 11359
48 24198 74 327 10703 13401 1693 11319
48 23871 73 327 10665 13354 1687 11280
48 23544 72 327 10628 13307 1682 11240
48 23217 71 327 10591 13260 1677 11200
48 22890 70 327 10553 13214 1670 11161
48 22563 69 327 10516 13167 1665 11122
48 22236 68 327 10478 13120 1659 11082
48 21909 67 327 10441 13073 1654 11042
48 21582 66 327 10404 13027 1648 11003
48 21255 65 327 10366 12980 1642 10964
48 20928 64 327 10329 12933 1637 10924
48 20601 63 327 10292 12886 1632 10884
48 20274 62 327 10254 12839 1626 10845
48 19947 61 327 10217 12793 1620 10806
48 19620 60 327 10180 12746 1616 10766
48 19293 58 327 10142 12699 1609 10726
48 18966 58 327 10105 12652 1605 10687
48 18639 57 327 10068 12606 1599 10648
48 18312 56 327 10030 12559 1593 10608
48 17985 55 327 9993 12512 1588 10568
48 17658 54 327 9956 12465 1583 10529
48 17331 52 327 9918 12419 1576 10490
48 17004 52 327 9881 12372 1571 10450
48 16677 51 327 9843 12325 1565 10410
48 16350 50 327 9806 12278 1560 10371
48 16023 49 327 9769 12231 1555 10331
48 15696 48 327 9731 12185 1548 10292
48 15369 47 327 9694 12138 1543 10252
48 15042 46 327 9657 12091 1538 10213
48 14715 45 327 9619 12044 1532 10173
48 14388 44 327 9582 11998 1526 10134
48 14061 43 327 9545 11951 1522 10094
48 13734 42 327 9507 11904 1515 10055
48 13407 41 327 9470 11857 1511 10015
48 13080 40 327 9433 11810 1506 9976
48 12753 39 327 9395 11764 1499 9936
48 12426 38 327 9358 11717 1494 9897
48 12099 37 327 9320 11670 1488 9857
48 11772 36 327 9283 11623 1483 9818
48 11445 35 327 9246 11577 1477 9778
48 11118 34 327 9208 11530 1471 9739
48 10791 33 327 9171 11483 1466 9699
48 10464 32 327 9134 11436 1461 9660
48 10137 31 327 9096 11389 1455 9620
48 9810 30 327 9059 11343 1449 9581
48 9483 29 327 9022 11296 1444 9541
48 9156 28 327 8984 11249 1438 9502
48 8829 27 327 8947 11202 1433 9462
48 8502 26 327 8910 11156 1428 9423
48 8175 25 327 8872 11109 1421 9383
48 7848 24 327 8835 11062 1417 9344
48 7521 23 327 8797 11015 1410 9304
48 7194 22 327 8760 10969 1405 9265
48 6867 21 327 8723 10922 1400 9225
48 6540 20 327 8685 10875 1394 9186
48 6213 19 327 8648 10828 1389 9146
48 5886 18 327 8611 10781 1384 9107
48 5560 17 327 8573 10735 1377 9067
48 5233 16 327 8536 10688 1372 9028
48 4905 15 327 8499 10641 1367 8988
48 4578 14 327 8461 10594 1361 8949
48 4251 13 327 8424 10548 1355 8909
48 3924 12 327 8387 10501 1350 8870
48 3597 11 327 8349 10454 1344 8830
48 3270 10 327 8312 10407 1339 8791
48 2943 9 327 8274 10360 1333 8751
48 2616 8 327 8237 10314 1327 8712
48 2289 7 327 8200 10267 1323 8672
48 1962 6 327 8162 10220 1316 8633
48 1635 5 327 8125 10173 1312 8593
48 1308 4 327 8088 10127 1306 8554
48 981 3 327 8050 10080 1300 8514
48 654 2 327 8013 10033 1295 8475
48 327 1 327 7976 9986 1290 8435
49 32700 100 327 11739 14764 1780 12430
49 32373 99 327 11701 14716 1775 12389
49 32046 98 327 11663 14668 1770 12349
49 31719 97 327 11625 14620 1765 12309
49 31392 96 327 11587 14572 1759 12268
49 31065 95 327 11549 14524 1754 12228
49 30738 94 327 11511 14476 1749 12188
49 30411 93 327 11473 14428 1744 12147
49 30085 92 327 11435 14381 1738 12107
49 29757 91 327 11397 14333 1732 12067
49 29430 90 327 11358 14285 1726 12026
49 29103 89 327 11320 14237 1721 11986
49 28776 88 327 11282 14189 1715 11946
49 28449 87 327 11244 14141 1710 11905
49 28122 86 327 11206 14093 1705 11865
49 27796 85 327 11168 14045 1700 11825
49 27468 84 327 11130 13997 1695 11784
49 27141 83 327 11092 13949 1689 11744
49 26814 82 327 11054 13901 1684 11704
49 26487 81 327 11016 13853 1679 11663
49 26160 80 327 10977 13806 1671 11623
49 25833 79 327 10939 13758 1666 11583
49 25506 78 327 10901 13710 1661 11542
49 25179 77 327 10863 13662 1656 11502
49 24852 76 327 10825 13614 1651 11462
49 24525 75 327 10787 13566 1645 11421
49 24198 74 327 10749 13518 1640 11381
49 23871 73 327 10711 13470 1635 11341
49 23544 72 327 10673 13422 1630 11300
49 23217 71 327 10635 13374 1625 11260
49 22890 70 327 10597 13326 1619 11219
49 22563 69 327 10558 13279 1612 11179
49 22237 68 327 10520 13231 1607 11139
49 21909 67 327 10482 13183 1601 11099
49 21582 66 327 10444 13135 1596 11058
49 21255 65 327 10406 13087 1591 11018
49 20928 64 327 10368 13039 1586 10978
49 20601 63 327 10330 12991 1581 10937
49 20274 62 327 10292 12943 1575 10897
49 19947 61 327 10254 12895 1570 10857
49 19620 60 327 10216 12847 1565 10816
49 19293 58 327 10177 12799 1558 10776
49 18966 58 327 10139 12752 1552 10736
49 18639 57 327 10101 12704 1547 10695
49 18312 56 327 10063 12656 1542 10655
49 17985 55 327 10025 12608 1537 10615
49 17658 54 327 9987 12560 1531 10574
49 17331 52 327 9949 12512 1526 10534
49 17004 52 327 9911 12464 1521 10494
49 16677 51 327 9873 12416 1516 10453
49 16350 50 327 9835 12368 1511 10413
49 16023 49 327 9797 12320 1505 10372
49 15696 48 327 9758 12272 1499 10332
49 15369 47 327 9720 12225 1493 10292
49 15042 46 327 9682 12177 1487 10252
49 14715 45 327 9644 12129 1482 10211
49 14388 44 327 9606 12081 1477 10171
49 14061 43 327 9568 12033 1472 10131
49 13734 42 327 9530 11985 1467 10090
49 13407 41 327 9492 11937 1461 10050
49 13080 40 327 9454 11889 1456 10010
49 12753 39 327 9416 11841 1451 9969
49 12426 38 327 9378 11793 1446 9929
49 12099 37 327 9339 11745 1439 9888
49 11772 36 327 9301 11698 1433 9848
49 11446 35 327 9263 11650 1428 9808
49 11118 34 327 9225 11602 1423 9768
49 10791 33 327 9187 11554 1417 9727
49 10464 32 327 9149 11506 1412 9687
49 10137 31 327 9111 11458 1407 9647
49 9810 30 327 9073 11410 1402 9606
49 9483 29 327 9035 11362 1397 9566
49 9156 28 327 8997 11314 1391 9525
49 8829 27 327 8958 11266 1385 9485
49 8502 26 327 8920 11218 1380 9445
49 8175 25 327 8882 11171 1373 9405
49 7848 24 327 8844 11123 1368 9364
49 7521 23 327 8806 11075 1363 9324
49 7194 22 327 8768 11027 1358 9284
49 6867 21 327 8730 10979 1353 9243
49 6540 20 327 8692 10931 1347 9203
49 6213 19 327 8654 10883 1342 9163
49 5886 18 327 8616 10835 1337 9122
49 5559 17 327 8578 10787 1332 9082
49 5232 16 327 8539 10739 1325 9041
49 4905 15 327 8501 10691 1320 9001
49 4578 14 327 8463 10644 1314 8961
49 4251 13 327 8425 10596 1309 8921
49 3924 12 327 8387 10548 1303 8880
49 3597 11 327 8349 10500 1298 8840
49 3270 10 327 8311 10452 1293 8800
49 2943 9 327 8273 10404 1288 8759
49 2616 8 327 8235 10356 1283 8719
49 2289 7 327 8197 10308 1277 8678
49 1962 6 327 8158 10260 1272 8638
49 1635 5 327 8120 10212 1266 8598
49 1308 4 327 8082 10164 1260 8557
49 982 3 327 8044 10117 1254 8517
49 654 2 327 8006 10069 1249 8477
49 327 1 327 7968 10021 1244 8437
50 32700 100 327 11805 14911 1726 12513
50 32373 99 327 11766 14862 159 12472
50 32046 98 327 11727 14813 159 12431
50 31719 97 327 11688 14764 159 12389
50 31392 96 327 11649 14715 159 12348
50 31065 95 327 11611 14666 159 12307
50 30738 94 327 11572 14617 159 12266
50 30411 93 327 11533 14568 159 12225
50 30084 92 327 11494 14519 159 12184
50 29757 91 327 11455 14470 159 12143
50 29430 90 327 11416 14421 159 12101
50 29103 89 327 11378 14372 159 12060
50 28776 88 327 11339 14323 159 12019
50 28449 87 327 11300 14274 159 11978
50 28122 86 327 11261 14225 159 11937
50 27795 85 327 11222 14175 160 11895
50 27468 84 327 11183 14126 159 11854
50 27141 83 327 11145 14077 159 11813
50 26814 82 327 11106 14028 159 11772
50 26487 81 327 11067 13979 159 11731
50 26160 80 327 11028 13930 159 11690
50 25833 79 327 10989 13881 159 11649
50 25506 78 327 10950 13832 159 11607
50 25179 77 327 10912 13783 159 11566
50 24852 76 327 10873 13734 159 11525
50 24525 75 327 10834 13685 159 11484
50 24198 74 327 10795 13636 159 11443
50 23871 73 327 10756 13587 159 11402
50 23544 72 327 10717 13538 159 11361
50 23217 71 327 10679 13489 159 11319
50 22890 70 327 10640 13440 159 11278
50 22563 69 327 10601 13391 159 11237
50 22236 68 327 10562 13342 159 11196
50 21909 67 327 10523 13293 159 11155
50 21582 66 327 10484 13244 159 11114
50 21255 65 327 10446 13195 159 11073
50 20928 64 327 10407 13145 160 11031
50 20601 63 327 10368 13096 159 10990
50 20274 62 327 10329 13047 159 10949
50 19947 61 327 10290 12998 159 10908
50 19620 60 327 10251 12949 159 10866
50 19293 58 327 10213 12900 159 10825
50 18966 58 327 10174 12851 159 10784
50 18639 57 327 10135 12802 159 10743
50 18312 56 327 10096 12753 159 10702
50 17985 55 327 10057 12704 159 10661
50 17658 54 327 10018 12655 159 10620
50 17331 52 327 9980 12606 159 10578
50 17004 52 327 9941 12557 159 10537
50 16677 51 327 9902 12508 159 10496
50 16350 50 327 9863 12459 159 10455
50 16023 49 327 9824 12410 159 10414
50 15696 48 327 9785 12361 159 10373
50 15369 47 327 9747 12312 159 10332
50 15042 46 327 9708 12263 159 10290
50 14715 45 327 9669 12213 160 10249
50 14388 44 327 9630 12164 159 10208
50 14061 43 327 9591 12115 159 10167
50 13734 42 327 9552 12066 159 10126
50 13407 41 327 9514 12017 159 10084
50 13080 40 327 9475 11968 159 10043
50 12753 39 327 9436 11919 159 10002
50 12426 38 327 9397 11870 159 9961
50 12099 37 327 9358 11821 159 9920
50 11772 36 327 9320 11772 159 9879
50 11445 35 327 9281 11723 159 9838
50 11118 34 327 9242 11674 159 9796
50 10791 33 327 9203 11625 159 9755
50 10464 32 327 9164 11576 159 9714
50 10137 31 327 9125 11527 159 9673
50 9810 30 327 9087 11478 159 9632
50 9483 29 327 9048 11429 159 9591
50 9156 28 327 9009 11380 159 9549
50 8829 27 327 8970 11331 159 9508
50 8502 26 327 8931 11282 159 9467
50 8175 25 327 8892 11232 160 9426
50 7848 24 327 8854 11183 159 9385
50 7521 23 327 8815 11134 159 9343
50 7194 22 327 8776 11085 159 9302
50 6867 21 327 8737 11036 159 9261
50 6541 20 327 8698 10987 159 9220
50 6213 19 327 8659 10938 159 9179
50 5886 18 327 8621 10889 159 9138
50 5559 17 327 8582 10840 159 9097
50 5232 16 327 8543 10791 159 9055
50 4905 15 327 8504 10742 159 9014
50 4578 14 327 8465 10693 159 8973
50 4251 13 327 8426 10644 159 8932
50 3924 12 327 8388 10595 159 8891
50 3597 11 327 8349 10546 159 8850
50 3270 10 327 8310 10497 159 8809
50 2943 9 327 8271 10448 159 8767
50 2616 8 327 8232 10399 159 8726
50 2289 7 327 8193 10350 159 8685
50 1962 6 327 8155 10301 159 8644
50 1635 5 327 8116 10251 160 8603
50 1308 4 327 8077 10202 159 8561
50 981 3 327 8038 10153 159 8520
50 654 2 327 7999 10104 159 8479
50 327 1 327 7960 10055 159 8438
51 32700 100 327 11870 15059 1669 12596
51 32373 99 327 11830 15009 160 12554
51 32046 98 327 11791 14959 160 12512
51 31719 97 327 11751 14909 160 12470
51 31392 96 327 11712 14859 160 12428
51 31066 95 327 11672 14808 161 12386
51 30738 94 327 11632 14758 160 12344
51 30411 93 327 11593 14708 160 12302
51 30084 92 327 11553 14658 160 12261
51 29757 91 327 11514 14608 160 12219
51 29430 90 327 11474 14557 161 12176
51 29103 89 327 11435 14507 160 12134
51 28776 88 327 11395 14457 160 12092
51 28449 87 327 11355 14407 160 12051
51 28122 86 327 11316 14357 160 12009
51 27795 85 327 11276 14306 161 11966
51 27468 84 327 11237 14256 160 11924
51 27141 83 327 11197 14206 160 11883
51 26814 82 327 11158 14156 160 11841
51 26487 81 327 11118 14106 160 11799
51 26160 80 327 11079 14055 161 11756
51 25833 79 327 11039 14005 160 11714
51 25506 78 327 10999 13955 160 11673
51 25179 77 327 10960 13905 160 11631
51 24852 76 327 10920 13855 160 11589
51 24525 75 327 10881 13804 161 11546
51 24198 74 327 10841 13754 160 11505
51 23871 73 327 10802 13704 160 11463
51 23544 72 327 10762 13654 160 11421
51 23217 71 327 10722 13604 160 11379
51 22890 70 327 10683 13553 161 11337
51 22563 69 327 10643 13503 160 11295
51 22236 68 327 10604 13453 160 11253
51 21909 67 327 10564 13403 160 11211
51 21582 66 327 10525 13353 160 11169
51 21255 65 327 10485 13302 161 11127
51 20928 64 327 10445 13252 160 11085
51 20601 63 327 10406 13202 160 11043
51 20274 62 327 10366 13152 160 11001
51 19947 61 327 10327 13102 160 10959
51 19620 60 327 10287 13051 161 10917
51 19293 58 327 10248 13001 160 10875
51 18966 58 327 10208 12951 160 10833
51 18639 57 327 10169 12901 160 10791
51 18312 56 327 10129 12851 160 10749
51 17985 55 327 10089 12800 161 10707
51 17658 54 327 10050 12750 160 10665
51 17331 52 327 10010 12700 160 10623
51 17005 52 327 9971 12650 160 10581
51 16677 51 327 9931 12600 160 10539
51 16350 50 327 9892 12549 161 10497
51 16023 49 327 9852 12499 160 10455
51 15696 48 327 9812 12449 160 10413
51 15369 47 327 9773 12399 160 10371
51 15042 46 327 9733 12349 160 10329
51 14715 45 327 9694 12298 161 10287
51 14388 44 327 9654 12248 160 10245
51 14061 43 327 9615 12198 160 10203
51 13734 42 327 9575 12148 160 10161
51 13407 41 327 9535 12098 160 10119
51 13080 40 327 9496 12047 161 10077
51 12753 39 327 9456 11997 160 10035
51 12426 38 327 9417 11947 160 9993
51 12099 37 327 9377 11897 160 9951
51 11772 36 327 9338 11847 160 9909
51 11445 35 327 9298 11796 161 9867
51 11118 34 327 9258 11746 160 9825
51 10791 33 327 9219 11696 160 9783
51 10464 32 327 9179 11646 160 9741
51 10137 31 327 9140 11596 160 9699
51 9810 30 327 9100 11545 161 9657
51 9483 29 327 9061 11495 160 9615
51 9156 28 327 9021 11445 160 9573
51 8829 27 327 8982 11395 160 9531
51 8502 26 327 8942 11345 160 9489
51 8175 25 327 8902 11294 161 9447
51 7848 24 327 8863 11244 160 9405
51 7521 23 327 8823 11194 160 9363
51 7194 22 327 8784 11144 160 9321
51 6867 21 327 8744 11094 160 9279
51 6540 20 327 8705 11044 160 9237
51 6213 19 327 8665 10993 161 9195
51 5886 18 327 8625 10943 160 9153
51 5559 17 327 8586 10893 160 9111
51 5232 16 327 8546 10843 160 9069
51 4905 15 327 8507 10793 160 9027
51 4578 14 327 8467 10742 161 8985
51 4251 13 327 8428 10692 160 8943
51 3924 12 327 8388 10642 160 8901
51 3597 11 327 8348 10592 160 8859
51 3270 10 327 8309 10542 160 8818
51 2943 9 327 8269 10491 161 8775
51 2616 8 327 8230 10441 160 8733
51 2289 7 327 8190 10391 160 8691
51 1962 6 327 8151 10341 160 8650
51 1635 5 327 8111 10291 160 8608
51 1308 4 327 8072 10240 161 8565
51 981 3 327 8032 10190 160 8523
51 654 2 327 7992 10140 160 8482
51 327 1 327 7953 10090 160 8440
52 32700 100 327 11935 15208 1611 12680
52 32373 99 327 11895 15157 161 12637
52 32046 98 327 11854 15105 162 12594
52 31719 97 327 11814 15054 161 12551
52 31392 96 327 11774 15003 161 12508
52 31065 95 327 11733 14951 162 12465
52 30738 94 327 11693 14900 161 12423
52 30411 93 327 11653 14849 161 12380
52 30084 92 327 11612 14797 162 12337
52 29757 91 327 11572 14746 161 12294
52 29430 90 327 11532 14695 161 12252
52 29103 89 327 11492 14643 162 12209
52 28776 88 327 11451 14592 161 12166
52 28449 87 327 11411 14541 161 12123
52 28122 86 327 11371 14489 162 12080
52 27795 85 327 11330 14438 161 12037
52 27469 84 327 11290 14387 161 11995
52 27141 83 327 11250 14335 162 11952
52 26814 82 327 11209 14284 161 11909
52 26487 81 327 11169 14232 162 11866
52 26161 80 327 11129 14181 161 11823
52 25833 79 327 11089 14130 161 11781
52 25506 78 327 11048 14078 162 11738
52 25179 77 327 11008 14027 161 11695
52 24852 76 327 10968 13976 161 11652
52 24525 75 327 10927 13924 162 11609
52 24198 74 327 10887 13873 161 11566
52 23871 73 327 10847 13822 161 11524
52 23544 72 327 10806 13770 162 11481
52 23217 71 327 10766 13719 161 11438
52 22890 70 327 10726 13668 161 11395
52 22563 69 327 10686 13616 162 11352
52 22236 68 327 10645 13565 161 11310
52 21909 67 327 10605 13513 162 11267
52 21582 66 327 10565 13462 161 11224
52 21255 65 327 10524 13411 161 11181
52 20928 64 327 10484 13359 162 11138
52 20601 63 327 10444 13308 161 11095
52 20274 62 327 10403 13257 161 11053
52 19947 61 327 10363 13205 162 11010
52 19620 60 327 10323 13154 161 10967
52 19293 58 327 10283 13103 161 10924
52 18966 58 327 10242 13051 162 10881
52 18639 57 327 10202 13000 161 10839
52 18312 56 327 10162 12949 161 10796
52 17985 55 327 10121 12897 162 10753
52 17658 54 327 10081 12846 161 10710
52 17331 52 327 10041 12795 161 10667
52 17004 52 327 10000 12743 162 10624
52 16677 51 327 9960 12692 161 10582
52 16350 50 327 9920 12641 161 10539
52 16023 49 327 9880 12589 162 10496
52 15696 48 327 9839 12538 161 10453
52 15369 47 327 9799 12486 162 10410
52 15042 46 327 9759 12435 161 10368
52 14715 45 327 9718 12384 161 10325
52 14389 44 327 9678 12333 161 10282
52 14061 43 327 9638 12281 162 10239
52 13734 42 327 9597 12230 161 10196
52 13407 41 327 9557 12178 162 10153
52 13080 40 327 9517 12127 161 10111
52 12753 39 327 9477 12076 161 10068
52 12426 38 327 9436 12024 162 10025
52 12099 37 327 9396 11973 161 9982
52 11772 36 327 9356 11922 161 9940
52 11445 35 327 9315 11870 162 9897
52 11118 34 327 9275 11819 161 9854
52 10791 33 327 9235 11768 161 9811
52 10464 32 327 9194 11716 162 9768
52 10137 31 327 9154 11665 161 9725
52 9810 30 327 9114 11613 162 9682
52 9483 29 327 9074 11562 161 9640
52 9156 28 327 9033 11511 161 9597
52 8829 27 327 8993 11459 162 9554
52 8502 26 327 8953 11408 161 9511
52 8175 25 327 8912 11357 161 9469
52 7848 24 327 8872 11305 162 9426
52 7521 23 327 8832 11254 161 9383
52 7194 22 327 8791 11203 161 9340
52 6867 21 327 8751 11151 162 9297
52 6540 20 327 8711 11100 161 9254
52 6213 19 327 8671 11049 161 9212
52 5886 18 327 8630 10997 162 9169
52 5559 17 327 8590 10946 161 9126
52 5232 16 327 8550 10895 161 9083
52 4905 15 327 8509 10843 162 9040
52 4578 14 327 8469 10792 161 8998
52 4251 13 327 8429 10740 162 8955
52 3924 12 327 8388 10689 161 8912
52 3597 11 327 8348 10638 161 8869
52 3270 10 327 8308 10586 162 8826
52 2943 9 327 8268 10535 161 8783
52 2616 8 327 8227 10484 161 8741
52 2289 7 327 8187 10432 162 8698
52 1962 6 327 8147 10381 161 8655
52 1635 5 327 8106 10330 161 8612
52 1308 4 327 8066 10278 162 8569
52 981 3 327 8026 10227 161 8527
52 654 2 327 7985 10176 161 8484
52 327 1 327 7945 10124 162 8441
53 32700 100 327 12000 15358 1552 12763
53 32373 99 327 11959 15305 163 12719
53 32046 98 327 11918 15253 162 12676
53 31719 97 327 11877 15200 163 12632
53 31392 96 327 11836 15148 162 12588
53 31065 95 327 11795 15095 163 12545
53 30738 94 327 11753 15042 163 12501
53 30411 93 327 11712 14990 162 12457
53 30084 92 327 11671 14937 163 12414
53 29757 91 327 11630 14885 162 12370
53 29430 90 327 11589 14832 163 12326
53 29103 89 327 11548 14780 162 12283
53 28776 88 327 11507 14727 163 12239
53 28449 87 327 11466 14675 162 12196
53 28122 86 327 11425 14622 163 12152
53 27795 85 327 11384 14570 162 12108
53 27468 84 327 11343 14517 163 12065
53 27141 83 327 11302 14465 162 12021
53 26814 82 327 11261 14412 163 11977
53 26487 81 327 11220 14360 162 11934
53 26160 80 327 11179 14307 163 11890
53 25833 79 327 11138 14255 162 11846
53 25506 78 327 11097 14202 163 11803
53 25179 77 327 11056 14150 162 11759
53 24852 76 327 11015 14097 163 11715
53 24525 75 327 10974 14045 162 11672
53 24198 74 327 10933 13992 163 11628
53 23871 73 327 10892 13940 162 11585
53 23544 72 327 10851 13887 163 11541
53 23217 71 327 10810 13835 162 11497
53 22890 70 327 10769 13782 163 11454
53 22563 69 327 10728 13730 162 11410
53 22236 68 327 10687 13677 163 11366
53 21909 67 327 10646 13625 162 11323
53 21582 66 327 10605 13572 163 11279
53 21255 65 327 10564 13520 162 11236
53 20928 64 327 10523 13467 163 11192
53 20601 63 327 10482 13415 162 11148
53 20274 62 327 10440 13362 163 11104
53 19947 61 327 10399 13310 162 11061
53 19620 60 327 10358 13257 163 11017
53 19293 58 327 10317 13205 162 10974
53 18966 58 327 10276 13152 163 10930
53 18639 57 327 10235 13099 163 10886
53 18312 56 327 10194 13047 162 10843
53 17985 55 327 10153 12994 163 10799
53 17658 54 327 10112 12942 162 10755
53 17331 52 327 10071 12889 163 10712
53 17004 52 327 10030 12837 162 10668
53 16677 51 327 9989 12784 163 10624
53 16350 50 327 9948 12732 162 10581
53 16023 49 327 9907 12679 163 10537
53 15696 48 327 9866 12627 162 10494
53 15369 47 327 9825 12574 163 10450
53 15042 46 327 9784 12522 162 10406
53 14715 45 327 9743 12469 163 10363
53 14388 44 327 9702 12417 162 10319
53 14061 43 327 9661 12364 163 10275
53 13734 42 327 9620 12312 162 10232
53 13407 41 327 9579 12259 163 10188
53 13081 40 327 9538 12207 162 10145
53 12753 39 327 9497 12154 163 10101
53 12426 38 327 9456 12102 162 10057
53 12099 37 327 9415 12049 163 10013
53 11772 36 327 9374 11997 162 9970
53 11445 35 327 9333 11944 163 9926
53 11118 34 327 9292 11892 162 9883
53 10792 33 327 9251 11839 163 9839
53 10464 32 327 9210 11787 162 9795
53 10137 31 327 9169 11734 163 9752
53 9810 30 327 9127 11682 162 9708
53 9483 29 327 9086 11629 163 9664
53 9156 28 327 9045 11577 162 9621
53 8829 27 327 9004 11524 163 9577
53 8502 26 327 8963 11472 162 9534
53 8175 25 327 8922 11419 163 9490
53 7848 24 327 8881 11367 162 9446
53 7521 23 327 8840 11314 163 9403
53 7194 22 327 8799 11262 162 9359
53 6867 21 327 8758 11209 163 9315
53 6540 20 327 8717 11157 162 9272
53 6213 19 327 8676 11104 163 9228
53 5886 18 327 8635 11051 163 9184
53 5559 17 327 8594 10999 162 9141
53 5232 16 327 8553 10946 163 9097
53 4905 15 327 8512 10894 162 9053
53 4578 14 327 8471 10841 163 9010
53 4251 13 327 8430 10789 162 8966
53 3924 12 327 8389 10736 163 8922
53 3597 11 327 8348 10684 162 8879
53 3270 10 327 8307 10631 163 8835
53 2943 9 327 8266 10579 162 8792
53 2616 8 327 8225 10526 163 8748
53 2289 7 327 8184 10474 162 8704
53 1962 6 327 8143 10421 163 8661
53 1636 5 327 8102 10369 162 8617
53 1308 4 327 8061 10316 163 8573
53 981 3 327 8020 10264 162 8530
53 654 2 327 7979 10211 163 8486
53 327 1 327 7938 10159 162 8442
54 32700 100 327 12064 15508 1491 12846
54 32373 99 327 12023 15454 164 12802
54 32046 98 327 11981 15400 164 12757
54 31719 97 327 11939 15347 163 12713
54 31392 96 327 11897 15293 164 12668
54 31065 95 327 11856 15239 164 12624
54 30738 94 327 11814 15186 163 12579
54 30411 93 327 11772 15132 164 12535
54 30084 92 327 11730 15078 164 12490
54 29757 91 327 11688 15025 163 12446
54 29430 90 327 11647 14971 164 12401
54 29103 89 327 11605 14917 164 12357
54 28776 88 327 11563 14863 164 12312
54 28449 87 327 11521 14810 163 12268
54 28122 86 327 11480 14756 164 12224
54 27795 85 327 11438 14702 164 12179
54 27468 84 327 11396 14649 163 12135
54 27141 83 327 11354 14595 164 12090
54 26814 82 327 11313 14541 164 12046
54 26487 81 327 11271 14488 163 12001
54 26160 80 327 11229 14434 164 11957
54 25833 79 327 11187 14380 164 11912
54 25506 78 327 11146 14327 163 11868
54 25179 77 327 11104 14273 164 11823
54 24852 76 327 11062 14219 164 11779
54 24525 75 327 11020 14166 163 11735
54 24198 74 327 10979 14112 164 11690
54 23871 73 327 10937 14058 164 11645
54 23544 72 327 10895 14005 163 11601
54 23217 71 327 10853 13951 164 11557
54 22890 70 327 10812 13897 164 11512
54 22563 69 327 10770 13844 163 11468
54 22236 68 327 10728 13790 164 11423
54 21909 67 327 10686 13736 164 11379
54 21582 66 327 10644 13683 163 11334
54 21255 65 327 10603 13629 164 11290
54 20928 64 327 10561 13575 164 11245
54 20601 63 327 10519 13521 164 11201
54 20274 62 327 10477 13468 163 11156
54 19947 61 327 10436 13414 164 11112
54 19620 60 327 10394 13360 164 11067
54 19293 58 327 10352 13307 163 11023
54 18966 58 327 10310 13253 164 10978
54 18639 57 327 10269 13199 164 10934
54 18312 56 327 10227 13146 163 10890
54 17985 55 327 10185 13092 164 10845
54 17658 54 327 10143 13038 164 10801
54 17331 52 327 10102 12985 163 10756
54 17004 52 327 10060 12931 164 10712
54 16677 51 327 10018 12877 164 10667
54 16350 50 327 9976 12824 163 10623
54 16023 49 327 9935 12770 164 10578
54 15696 48 327 9893 12716 164 10534
54 15369 47 327 9851 12663 163 10489
54 15042 46 327 9809 12609 164 10445
54 14715 45 327 9767 12555 164 10400
54 14388 44 327 9726 12502 163 10356
54 14061 43 327 9684 12448 164 10312
54 13734 42 327 9642 12394 164 10267
54 13407 41 327 9600 12341 163 10223
54 13080 40 327 9559 12287 164 10178
54 12753 39 327 9517 12233 164 10134
54 12426 38 327 9475 12179 164 10089
54 12099 37 327 9433 12126 163 10045
54 11772 36 327 9392 12072 164 10000
54 11445 35 327 9350 12018 164 9956
54 11118 34 327 9308 11965 163 9911
54 10791 33 327 9266 11911 164 9867
54 10465 32 327 9225 11858 163 9823
54 10137 31 327 9183 11804 164 9778
54 9810 30 327 9141 11750 164 9733
54 9483 29 327 9099 11696 164 9689
54 9156 28 327 9058 11643 163 9645
54 8829 27 327 9016 11589 164 9600
54 8502 26 327 8974 11535 164 9555
54 8175 25 327 8932 11482 163 9511
54 7848 24 327 8890 11428 164 9467
54 7521 23 327 8849 11374 164 9422
54 7194 22 327 8807 11321 163 9378
54 6867 21 327 8765 11267 164 9333
54 6540 20 327 8723 11213 164 9289
54 6213 19 327 8682 11160 163 9244
54 5886 18 327 8640 11106 164 9200
54 5559 17 327 8598 11052 164 9155
54 5232 16 327 8556 10999 163 9111
54 4905 15 327 8515 10945 164 9066
54 4578 14 327 8473 10891 164 9022
54 4251 13 327 8431 10837 164 8977
54 3924 12 327 8389 10784 163 8933
54 3597 11 327 8348 10730 164 8888
54 3270 10 327 8306 10676 164 8844
54 2943 9 327 8264 10623 163 8800
54 2616 8 327 8222 10569 164 8755
54 2289 7 327 8181 10515 164 8711
54 1962 6 327 8139 10462 163 8666
54 1635 5 327 8097 10408 164 8622
54 1308 4 327 8055 10354 164 8577
54 981 3 327 8014 10301 163 8533
54 654 2 327 7972 10247 164 8488
54 327 1 327 7930 10193 164 8444
55 32700 100 327 12129 15658 1432 12929
55 32373 99 327 12086 15604 164 12884
55 32046 98 327 12044 15549 165 12839
55 31719 97 327 12001 15494 165 12794
55 31393 96 327 11959 15439 165 12748
55 31065 95 327 11916 15384 165 12703
55 30738 94 327 11874 15329 165 12658
55 30411 93 327 11831 15274 165 12612
55 30084 92 327 11789 15220 164 12567
55 29757 91 327 11746 15165 165 12522
55 29430 90 327 11704 15110 165 12476
55 29104 89 327 11662 15055 165 12431
55 28776 88 327 11619 15000 165 12386
55 28449 87 327 11576 14945 165 12340
55 28122 86 327 11534 14890 165 12295
55 27795 85 327 11491 14836 164 12250
55 27468 84 327 11449 14781 165 12205
55 27141 83 327 11407 14726 165 12159
55 26814 82 327 11364 14671 165 12114
55 26487 81 327 11322 14616 165 12069
55 26160 80 327 11279 14561 165 12023
55 25833 79 327 11237 14506 165 11978
55 25506 78 327 11194 14452 164 11933
55 25179 77 327 11152 14397 165 11888
55 24852 76 327 11109 14342 165 11842
55 24525 75 327 11067 14287 165 11797
55 24198 74 327 11024 14232 165 11752
55 23871 73 327 10982 14177 165 11706
55 23544 72 327 10939 14122 165 11661
55 23217 71 327 10897 14068 164 11616
55 22890 70 327 10854 14013 165 11571
55 22563 69 327 10812 13958 165 11525
55 22236 68 327 10769 13903 165 11480
55 21909 67 327 10727 13848 165 11435
55 21582 66 327 10684 13793 165 11389
55 21255 65 327 10642 13738 165 11344
55 20928 64 327 10599 13684 164 11299
55 20601 63 327 10557 13629 165 11254
55 20274 62 327 10514 13574 165 11208
55 19947 61 327 10472 13519 165 11163
55 19621 60 327 10429 13464 165 11118
55 19293 58 327 10387 13409 165 11072
55 18966 58 327 10344 13355 164 11027
55 18639 57 327 10302 13300 165 10982
55 18312 56 327 10259 13245 165 10936
55 17985 55 327 10217 13190 165 10891
55 17658 54 327 10174 13135 165 10846
55 17331 52 327 10132 13080 165 10800
55 17004 52 327 10089 13025 165 10755
55 16677 51 327 10047 12971 164 10710
55 16350 50 327 10004 12916 165 10665
55 16023 49 327 9962 12861 165 10619
55 15696 48 327 9919 12806 165 10574
55 15369 47 327 9877 12751 165 10529
55 15042 46 327 9834 12696 165 10483
55 14715 45 327 9792 12641 165 10438
55 14388 44 327 9749 12587 164 10393
55 14061 43 327 9707 12532 165 10348
55 13734 42 327 9664 12477 165 10302
55 13407 41 327 9622 12422 165 10257
55 13080 40 327 9579 12367 165 10212
55 12753 39 327 9537 12312 165 10166
55 12426 38 327 9494 12257 165 10121
55 12099 37 327 9452 12203 164 10076
55 11772 36 327 9410 12148 165 10031
55 11445 35 327 9367 12093 165 9985
55 11118 34 327 9325 12038 165 9940
55 10791 33 327 9282 11983 165 9895
55 10464 32 327 9240 11928 165 9849
55 10137 31 327 9197 11873 165 9804
55 9810 30 327 9155 11819 164 9759
55 9483 29 327 9112 11764 165 9714
55 9156 28 327 9070 11709 165 9668
55 8829 27 327 9027 11654 165 9623
55 8502 26 327 8985 11599 165 9578
55 8175 25 327 8942 11544 165 9532
55 7848 24 327 8900 11489 165 9487
55 7521 23 327 8857 11435 164 9442
55 7194 22 327 8815 11380 165 9396
55 6867 21 327 8772 11325 165 9351
55 6540 20 327 8730 11270 165 9306
55 6213 19 327 8687 11215 165 9260
55 5887 18 327 8645 11161 164 9216
55 5559 17 327 8602 11106 165 9170
55 5232 16 327 8560 11051 165 9125
55 4905 15 327 8517 10996 165 9079
55 4578 14 327 8475 10941 165 9034
55 4251 13 327 8432 10886 165 8989
55 3924 12 327 8390 10831 165 8943
55 3597 11 327 8347 10776 165 8898
55 3270 10 327 8305 10722 164 8853
55 2943 9 327 8262 10667 165 8808
55 2616 8 327 8220 10612 165 8762
55 2289 7 327 8177 10557 165 8717
55 1962 6 327 8135 10502 165 8672
55 1635 5 327 8092 10447 165 8626
55 1308 4 327 8050 10392 165 8581
55 981 3 327 8007 10338 164 8536
55 655 2 327 7965 10283 165 8491
55 327 1 327 7922 10228 165 8445
