61 32700 100 327 24871 32950 4466 26692
61 32373 99 327 24778 32826 4451 26591
61 32046 98 327 24684 32702 4434 26491
61 31719 97 327 24590 32578 4417 26390
61 31393 96 327 24497 32454 4401 26290
61 31065 95 327 24403 32329 4385 26189
61 30738 94 327 24309 32205 4368 26089
61 30411 93 327 24216 32081 4353 25988
61 30084 92 327 24122 31957 4336 25888
61 29757 91 327 24028 31833 4319 25787
61 29430 90 327 23935 31709 4303 25687
61 29103 89 327 23841 31585 4286 25586
61 28776 88 327 23747 31461 4269 25486
61 28449 87 327 23654 31337 4254 25385
61 28122 86 327 23560 31213 4237 25285
61 27795 85 327 23467 31089 4221 25184
61 27468 84 327 23373 30965 4204 25084
61 27141 83 327 23279 30841 4187 24983
61 26814 82 327 23186 30717 4172 24883
61 26487 81 327 23092 30592 4156 24782
61 26160 80 327 22998 30468 4139 24682
61 25833 79 327 22905 30344 4123 24581
61 25506 78 327 22811 30220 4106 24481
61 25179 77 327 22717 30096 4089 24380
61 24852 76 327 22624 29972 4074 24280
61 24525 75 327 22530 29848 4057 24179
61 24198 74 327 22436 29724 4040 24079
61 23871 73 327 22343 29600 4024 23978
61 23545 72 327 22249 29476 4007 23878
61 23217 71 327 22155 29352 3990 23777
61 22890 70 327 22062 29228 3975 23677
61 22563 69 327 21968 29104 3958 23576
61 22236 68 327 21874 28980 3941 23476
61 21909 67 327 21781 28856 3925 23375
61 21582 66 327 21687 28731 3909 23275
61 21255 65 327 21594 28607 3894 23174
61 20928 64 327 21500 28484 3876 23074
61 20601 63 327 21406 28359 3860 22973
61 20274 62 327 21313 28235 3844 22873
61 19947 61 327 21219 28111 3827 22772
61 19620 60 327 21125 27987 3810 22672
61 19293 58 327 21032 27863 3795 22571
61 18966 58 327 20938 27739 3778 22471
61 18639 57 327 20844 27615 3761 22370
61 18312 56 327 20751 27491 3745 22270
61 17985 55 327 20657 27367 3728 22169
61 17658 54 327 20563 27243 3711 22069
61 17331 52 327 20470 27119 3696 21968
61 17004 52 327 20376 26994 3680 21867
61 16677 51 327 20282 26870 3663 21767
61 16350 50 327 20189 26746 3647 21666
61 16023 49 327 20095 26622 3630 21566
61 15696 48 327 20001 26498 3613 21465
61 15369 47 327 19908 26374 3598 21365
61 15042 46 327 19814 26250 3581 21265
61 14715 45 327 19720 26126 3564 21164
61 14388 44 327 19627 26002 3548 21064
61 14061 43 327 19533 25878 3531 20963
61 13734 42 327 19440 25754 3516 20863
61 13407 41 327 19346 25630 3499 20762
61 13080 40 327 19252 25506 3482 20662
61 12753 39 327 19159 25382 3466 20561
61 12426 38 327 19065 25257 3450 20460
61 12099 37 327 18971 25133 3433 20360
61 11772 36 327 18878 25009 3418 20259
61 11445 35 327 18784 24885 3401 20159
61 11118 34 327 18690 24761 3384 20058
61 10791 33 327 18597 24637 3368 19958
61 10464 32 327 18503 24513 3351 19857
61 10137 31 327 18409 24389 3334 19757
61 9810 30 327 18316 24265 3319 19656
61 9483 29 327 18222 24141 3302 19556
61 9156 28 327 18128 24017 3285 19455
61 8829 27 327 18035 23893 3269 19355
61 8502 26 327 17941 23769 3252 19255
61 8175 25 327 17847 23645 3235 19154
61 7848 24 327 17754 23520 3221 19053
61 7521 23 327 17660 23396 3204 18953
61 7194 22 327 17567 23272 3188 18852
61 6867 21 327 17473 23148 3171 18752
61 6541 20 327 17379 23025 3153 18652
61 6213 19 327 17286 22900 3139 18551
61 5886 18 327 17192 22776 3122 18450
61 5559 17 327 17098 22652 3105 18350
61 5232 16 327 17005 22528 3089 18249
61 4905 15 327 16911 22404 3072 18149
61 4578 14 327 16817 22280 3055 18048
61 4251 13 327 16724 22156 3040 17948
61 3924 12 327 16630 22032 3023 17847
61 3598 11 327 16537 21908 3006 17747
61 3270 10 327 16443 21783 2991 17646
61 2943 9 327 16349 21659 2974 17546
61 2616 8 327 16255 21535 2957 17445
61 2289 7 327 16162 21411 2942 17345
61 1962 6 327 16068 21287 2925 17244
61 1635 5 327 15974 21163 2908 17144
61 1309 4 327 15881 21039 2892 17043
61 981 3 327 15787 20915 2875 16943
61 654 2 327 15693 20791 2858 16842
61 327 1 327 15600 20667 2843 16742
62 32700 100 327 24998 33260 4347 26858
62 32373 99 327 24903 33133 4331 26756
62 32047 98 327 24808 33007 4315 26654
62 31719 97 327 24713 32880 4299 26551
62 31392 96 327 24618 32754 4283 26449
62 31065 95 327 24523 32627 4267 26347
62 30738 94 327 24428 32501 4251 26245
62 30411 93 327 24333 32374 4235 26143
62 30084 92 327 24237 32248 4217 26041
62 29757 91 327 24142 32121 4202 25939
62 29430 90 327 24047 31995 4185 25837
62 29103 89 327 23952 31868 4170 25734
62 28776 88 327 23857 31742 4153 25632
62 28449 87 327 23762 31615 4138 25530
62 28122 86 327 23667 31489 4121 25428
62 27795 85 327 23572 31362 4106 25326
62 27468 84 327 23477 31236 4089 25224
62 27141 83 327 23382 31109 4074 25121
62 26814 82 327 23287 30983 4057 25019
62 26487 81 327 23192 30856 4042 24917
62 26160 80 327 23096 30730 4024 24815
62 25833 79 327 23001 30603 4008 24713
62 25506 78 327 22906 30477 3992 24611
62 25179 77 327 22811 30350 3976 24508
62 24852 76 327 22716 30224 3960 24406
62 24525 75 327 22621 30097 3944 24304
62 24198 74 327 22526 29971 3928 24202
62 23871 73 327 22431 29844 3912 24100
62 23544 72 327 22336 29718 3896 23998
62 23217 71 327 22241 29591 3880 23895
62 22890 70 327 22146 29465 3864 23793
62 22563 69 327 22051 29338 3848 23691
62 22236 68 327 21955 29212 3830 23589
62 21909 67 327 21860 29085 3815 23487
62 21582 66 327 21765 28958 3799 23384
62 21255 65 327 21670 28832 3783 23282
62 20928 64 327 21575 28705 3767 23180
62 20601 63 327 21480 28579 3751 23078
62 20274 62 327 21385 28452 3735 22976
62 19948 61 327 21290 28326 3719 22874
62 19620 60 327 21195 28199 3703 22772
62 19293 58 327 21100 28073 3687 22670
62 18966 58 327 21005 27946 3671 22567
62 18640 57 327 20910 27820 3655 22465
62 18312 56 327 20814 27693 3638 22363
62 17985 55 327 20719 27567 3621 22261
62 17658 54 327 20624 27440 3606 22159
62 17331 52 327 20529 27314 3589 22057
62 17004 52 327 20434 27187 3574 21954
62 16677 51 327 20339 27061 3557 21852
62 16350 50 327 20244 26934 3542 21750
62 16023 49 327 20149 26808 3525 21648
62 15696 48 327 20054 26681 3510 21546
62 15369 47 327 19959 26555 3493 21444
62 15042 46 327 19864 26428 3478 21341
62 14715 45 327 19768 26302 3460 21239
62 14388 44 327 19673 26175 3444 21137
62 14061 43 327 19578 26049 3428 21035
62 13734 42 327 19483 25922 3412 20933
62 13407 41 327 19388 25796 3396 20831
62 13080 40 327 19293 25669 3380 20728
62 12753 39 327 19198 25543 3364 20627
62 12426 38 327 19103 25416 3348 20524
62 12099 37 327 19008 25290 3332 20422
62 11772 36 327 18913 25163 3316 20320
62 11446 35 327 18818 25037 3300 20218
62 11118 34 327 18723 24910 3284 20115
62 10791 33 327 18627 24784 3266 20013
62 10464 32 327 18532 24657 3251 19911
62 10137 31 327 18437 24531 3234 19809
62 9810 30 327 18342 24404 3219 19707
62 9483 29 327 18247 24278 3202 19605
62 9156 28 327 18152 24151 3187 19503
62 8829 27 327 18057 24025 3170 19401
62 8502 26 327 17962 23898 3155 19298
62 8175 25 327 17867 23772 3138 19196
62 7848 24 327 17772 23645 3123 19094
62 7521 23 327 17677 23519 3106 18992
62 7194 22 327 17582 23392 3091 18890
62 6867 21 327 17486 23266 3073 18788
62 6540 20 327 17391 23139 3057 18685
62 6213 19 327 17296 23013 3041 18583
62 5886 18 327 17201 22886 3025 18481
62 5559 17 327 17106 22760 3009 18379
62 5232 16 327 17011 22633 2993 18277
62 4905 15 327 16916 22506 2978 18174
62 4578 14 327 16821 22380 2961 18072
62 4251 13 327 16726 22253 2946 17970
62 3924 12 327 16631 22127 2929 17868
62 3597 11 327 16536 22000 2914 17766
62 3270 10 327 16441 21874 2897 17664
62 2943 9 327 16345 21747 2880 17561
62 2616 8 327 16250 21621 2864 17459
62 2289 7 327 16155 21494 2848 17357
62 1962 6 327 16060 21368 2832 17255
62 1635 5 327 15965 21241 2816 17153
62 1308 4 327 15870 21115 2800 17051
62 981 3 327 15775 20988 2784 16948
62 654 2 327 15680 20862 2768 16846
62 327 1 327 15585 20735 2752 16744
63 32700 100 327 25125 33571 4226 27024
63 32373 99 327 25028 33442 4210 26920
63 32046 98 327 24932 33313 4195 26816
63 31719 97 327 24835 33184 4178 26713
63 31392 96 327 24739 33055 4163 26609
63 31065 95 327 24642 32926 4147 26505
63 30738 94 327 24546 32797 4132 26401
63 30412 93 327 24449 32669 4114 26298
63 30084 92 327 24353 32539 4100 26194
63 29757 91 327 24256 32410 4084 26090
63 29430 90 327 24160 32282 4068 25986
63 29103 89 327 24063 32153 4051 25882
63 28776 88 327 23967 32024 4036 25779
63 28449 87 327 23870 31895 4020 25675
63 28122 86 327 23773 31766 4003 25571
63 27795 85 327 23677 31637 3988 25467
63 27468 84 327 23580 31508 3972 25363
63 27141 83 327 23484 31379 3957 25259
63 26814 82 327 23387 31250 3940 25156
63 26487 81 327 23291 31121 3925 25052
63 26160 80 327 23194 30992 3909 24948
63 25833 79 327 23098 30863 3894 24844
63 25506 78 327 23001 30734 3879 24740
63 25179 77 327 22905 30605 3862 24636
63 24852 76 327 22808 30476 3846 24533
63 24525 75 327 22712 30347 3831 24429
63 24198 74 327 22615 30218 3814 24325
63 23871 73 327 22519 30089 3799 24221
63 23544 72 327 22422 29960 3783 24117
63 23217 71 327 22326 29831 3768 24014
63 22890 70 327 22229 29702 3751 23910
63 22563 69 327 22133 29573 3736 23806
63 22236 68 327 22036 29444 3720 23702
63 21909 67 327 21940 29315 3705 23598
63 21582 66 327 21843 29186 3688 23494
63 21255 65 327 21747 29057 3673 23391
63 20928 64 327 21650 28928 3657 23287
63 20601 63 327 21554 28800 3641 23183
63 20274 62 327 21457 28671 3624 23079
63 19947 61 327 21361 28542 3609 22976
63 19620 60 327 21264 28413 3593 22872
63 19293 58 327 21168 28284 3578 22768
63 18966 58 327 21071 28155 3561 22664
63 18639 57 327 20975 28026 3546 22560
63 18313 56 327 20878 27897 3530 22457
63 17985 55 327 20782 27768 3515 22353
63 17658 54 327 20685 27639 3498 22249
63 17331 52 327 20588 27510 3483 22145
63 17004 52 327 20492 27381 3467 22041
63 16677 51 327 20395 27252 3450 21937
63 16350 50 327 20299 27123 3435 21834
63 16023 49 327 20202 26994 3419 21730
63 15696 48 327 20106 26865 3404 21626
63 15369 47 327 20009 26736 3387 21522
63 15042 46 327 19913 26607 3372 21418
63 14715 45 327 19816 26478 3356 21314
63 14388 44 327 19720 26349 3341 21211
63 14061 43 327 19623 26220 3324 21107
63 13734 42 327 19527 26091 3309 21003
63 13407 41 327 19430 25962 3293 20899
63 13080 40 327 19334 25833 3278 20795
63 12753 39 327 19237 25704 3261 20691
63 12426 38 327 19141 25575 3246 20588
63 12099 37 327 19044 25447 3229 20484
63 11772 36 327 18948 25318 3214 20380
63 11445 35 327 18851 25189 3197 20276
63 11118 34 327 18755 25060 3182 20173
63 10791 33 327 18658 24931 3166 20069
63 10464 32 327 18562 24802 3151 19965
63 10137 31 327 18465 24673 3134 19861
63 9810 30 327 18369 24544 3119 19757
63 9483 29 327 18272 24415 3103 19654
63 9156 28 327 18176 24286 3088 19550
63 8829 27 327 18079 24157 3071 19446
63 8502 26 327 17983 24028 3056 19342
63 8175 25 327 17886 23899 3040 19238
63 7848 24 327 17790 23770 3025 19134
63 7521 23 327 17693 23641 3008 19031
63 7194 22 327 17596 23512 2992 18927
63 6867 21 327 17500 23383 2977 18823
63 6540 20 327 17403 23254 2962 18719
63 6213 19 327 17307 23125 2945 18615
63 5886 18 327 17210 22996 2929 18511
63 5559 17 327 17114 22867 2914 18408
63 5232 16 327 17017 22738 2897 18304
63 4905 15 327 16921 22609 2882 18200
63 4578 14 327 16824 22480 2866 18096
63 4251 13 327 16728 22351 2851 17992
63 3924 12 327 16631 22222 2834 17889
63 3597 11 327 16535 22093 2819 17785
63 3270 10 327 16438 21965 2802 17681
63 2943 9 327 16342 21836 2787 17577
63 2616 8 327 16245 21707 2770 17474
63 2289 7 327 16149 21578 2755 17370
63 1962 6 327 16052 21449 2739 17266
63 1635 5 327 15956 21320 2724 17162
63 1308 4 327 15859 21191 2707 17058
63 981 3 327 15763 21062 2692 16954
63 654 2 327 15666 20933 2676 16851
63 327 1 327 15570 20804 2661 16747
64 32700 100 327 25251 33884 4102 27190
64 32373 99 327 25153 33752 4087 27085
64 32046 98 327 25055 33621 4071 26979
64 31719 97 327 24957 33489 4056 26874
64 31392 96 327 24859 33358 4040 26768
64 31065 95 327 24761 33227 4024 26663
64 30738 94 327 24663 33095 4009 26557
64 30411 93 327 24565 32964 3993 26452
64 30084 92 327 24467 32832 3978 26346
64 29757 91 327 24369 32701 3962 26241
64 29430 90 327 24272 32569 3949 26135
64 29103 89 327 24174 32438 3933 26030
64 28776 88 327 24076 32307 3917 25925
64 28449 87 327 23978 32175 3902 25819
64 28122 86 327 23880 32044 3886 25714
64 27795 85 327 23782 31912 3871 25608
64 27468 84 327 23684 31781 3855 25503
64 27141 83 327 23586 31649 3840 25397
64 26814 82 327 23488 31518 3824 25292
64 26487 81 327 23390 31387 3808 25186
64 26160 80 327 23292 31255 3793 25081
64 25833 79 327 23194 31124 3777 24976
64 25506 78 327 23096 30992 3762 24870
64 25179 77 327 22998 30861 3746 24765
64 25179 77 327 22998 30861 3746 24765
64 24852 76 327 22900 30729 3731 24659
64 24525 75 327 22802 30598 3715 24554
64 24198 74 327 22704 30467 3699 24448
64 23871 73 327 22606 30335 242 24343
64 23544 72 327 22509 30204 241 24237
64 23217 71 327 22411 30072 242 24132
64 22890 70 327 22313 29941 241 24026
64 22563 69 327 22215 29809 242 23921
64 22236 68 327 22117 29678 241 23815
64 21910 67 327 22019 29547 241 23710
64 21582 66 327 21921 29415 242 23604
64 21255 65 327 21823 29284 241 23499
64 20928 64 327 21725 29152 242 23393
64 20601 63 327 21627 29021 241 23288
64 20274 62 327 21529 28889 242 23182
64 19947 61 327 21431 28758 241 23077
64 19620 60 327 21333 28627 241 22972
64 19293 58 327 21235 28495 242 22866
64 18966 58 327 21137 28364 241 22761
64 18639 57 327 21039 28232 242 22655
64 18312 56 327 20941 28101 241 22550
64 17985 55 327 20844 27969 242 22444
64 17658 54 327 20746 27838 241 22339
64 17331 52 327 20648 27707 241 22233
64 17004 52 327 20550 27575 242 22128
64 16677 51 327 20452 27444 241 22022
64 16350 50 327 20354 27312 242 21917
64 16023 49 327 20256 27181 241 21812
64 15696 48 327 20158 27049 242 21706
64 15369 47 327 20060 26918 241 21601
64 15042 46 327 19962 26787 241 21495
64 14715 45 327 19864 26655 242 21390
64 14388 44 327 19766 26524 241 21284
64 14061 43 327 19668 26392 242 21179
64 13734 42 327 19570 26261 241 21073
64 13407 41 327 19472 26129 242 20968
64 13080 40 327 19374 25998 241 20862
64 12753 39 327 19276 25867 241 20757
64 12426 38 327 19178 25735 242 20651
64 12099 37 327 19081 25604 241 20546
64 11772 36 327 18983 25472 242 20440
64 11445 35 327 18885 25341 241 20335
64 11118 34 327 18787 25210 241 20230
64 10791 33 327 18689 25078 242 20124
64 10464 32 327 18591 24947 241 20019
64 10137 31 327 18493 24815 242 19913
64 9810 30 327 18395 24684 241 19808
64 9483 29 327 18297 24552 242 19702
64 9156 28 327 18199 24421 241 19597
64 8829 27 327 18101 24290 241 19491
64 8503 26 327 18003 24158 242 19386
64 8175 25 327 17905 24027 241 19280
64 7848 24 327 17807 23895 242 19175
64 7522 23 327 17710 23764 241 19070
64 7194 22 327 17611 23632 242 18964
64 6867 21 327 17513 23501 241 18858
64 6540 20 327 17415 23370 241 18753
64 6213 19 327 17318 23238 242 18648
64 5886 18 327 17220 23107 241 18542
64 5559 17 327 17122 22975 242 18437
64 5232 16 327 17024 22844 241 18331
64 4905 15 327 16926 22712 242 18226
64 4578 14 327 16828 22581 241 18120
64 4251 13 327 16730 22450 241 18015
64 3924 12 327 16632 22318 242 17909
64 3597 11 327 16534 22187 241 17804
64 3270 10 327 16436 22055 242 17698
64 2943 9 327 16338 21924 241 17593
64 2616 8 327 16240 21792 242 17487
64 2289 7 327 16142 21661 241 17382
64 1962 6 327 16044 21530 241 17277
64 1635 5 327 15946 21398 242 17171
64 1308 4 327 15848 21267 241 17066
64 981 3 327 15750 21135 242 16960
64 654 2 327 15653 21004 241 16855
64 327 1 327 15555 20872 242 16749
65 32700 100 327 25377 34198 3977 27356
65 32373 99 327 25277 34064 244 27249
65 32046 98 327 25178 33930 244 27142
65 31719 97 327 25079 33796 244 27035
65 31392 96 327 24979 33662 244 26928
65 31066 95 327 24880 33529 243 26821
65 30738 94 327 24781 33394 245 26713
65 30411 93 327 24681 33260 244 26606
65 30084 92 327 24582 33126 244 26499
65 29757 91 327 24483 32993 243 26392
65 29430 90 327 24383 32859 244 26285
65 29103 89 327 24284 32725 244 26178
65 28776 88 327 24184 32591 244 26071
65 28449 87 327 24085 32457 244 25964
65 28122 86 327 23986 32323 244 25857
65 27795 85 327 23886 32189 244 25749
65 27468 84 327 23787 32055 244 25642
65 27141 83 327 23688 31921 244 25535
65 26814 82 327 23588 31787 244 25428
65 26487 81 327 23489 31653 244 25321
65 26160 80 327 23389 31520 243 25214
65 25833 79 327 23290 31386 244 25107
65 25506 78 327 23191 31252 244 25000
65 25179 77 327 23091 31118 244 24893
65 24852 76 327 22992 30984 244 24785
65 24525 75 327 22893 30850 244 24678
65 24198 74 327 22793 30716 244 24571
65 23871 73 327 22694 30582 244 24464
65 23544 72 327 22595 30448 244 24357
65 23217 71 327 22495 30314 244 24250
65 22890 70 327 22396 30180 244 24143
65 22563 69 327 22296 30047 243 24036
65 22236 68 327 22197 29913 244 23929
65 21909 67 327 22098 29779 244 23821
65 21582 66 327 21998 29645 244 23714
65 21255 65 327 21899 29511 244 23607
65 20929 64 327 21800 29377 244 23500
65 20601 63 327 21700 29243 244 23393
65 20274 62 327 21601 29109 244 23286
65 19947 61 327 21502 28975 244 23179
65 19620 60 327 21402 28841 244 23071
65 19293 58 327 21303 28707 244 22964
65 18966 58 327 21203 28574 243 22857
65 18639 57 327 21104 28440 244 22750
65 18312 56 327 21005 28306 244 22643
65 17985 55 327 20905 28172 244 22536
65 17658 54 327 20806 28038 244 22429
65 17331 52 327 20707 27904 244 22322
65 17004 52 327 20607 27770 244 22215
65 16677 51 327 20508 27636 244 22107
65 16350 50 327 20408 27502 244 22000
65 16023 49 327 20309 27368 244 21893
65 15696 48 327 20210 27235 243 21786
65 15369 47 327 20110 27101 244 21679
65 15042 46 327 20011 26967 244 21572
65 14715 45 327 19912 26833 244 21465
65 14388 44 327 19812 26699 244 21358
65 14061 43 327 19713 26565 244 21251
65 13735 42 327 19614 26431 244 21144
65 13407 41 327 19514 26297 244 21036
65 13080 40 327 19415 26163 244 20929
65 12753 39 327 19315 26029 244 20822
65 12426 38 327 19216 25895 244 20715
65 12099 37 327 19117 25762 243 20608
65 11772 36 327 19017 25628 244 20501
65 11445 35 327 18918 25494 244 20394
65 11118 34 327 18819 25360 244 20287
65 10791 33 327 18719 25226 244 20179
65 10464 32 327 18620 25092 244 20072
65 10137 31 327 18521 24958 244 19965
65 9810 30 327 18421 24824 244 19858
65 9483 29 327 18322 24690 244 19751
65 9156 28 327 18222 24556 244 19644
65 8829 27 327 18123 24422 244 19536
65 8502 26 327 18024 24289 243 19430
65 8175 25 327 17924 24155 244 19322
65 7848 24 327 17825 24021 244 19215
65 7521 23 327 17726 23887 244 19108
65 7194 22 327 17626 23753 244 19001
65 6867 21 327 17527 23619 244 18894
65 6540 20 327 17427 23485 244 18787
65 6213 19 327 17328 23351 244 18680
65 5886 18 327 17229 23217 244 18572
65 5559 17 327 17129 23083 244 18465
65 5232 16 327 17030 22950 243 18358
65 4905 15 327 16931 22816 244 18251
65 4578 14 327 16831 22682 244 18144
65 4251 13 327 16732 22548 244 18037
65 3924 12 327 16633 22414 244 17930
65 3597 11 327 16533 22280 244 17823
65 3270 10 327 16434 22146 244 17716
65 2943 9 327 16334 22012 244 17608
65 2616 8 327 16235 21879 243 17502
65 2289 7 327 16136 21745 244 17395
65 1962 6 327 16036 21610 245 17287
65 1635 5 327 15937 21477 243 17180
65 1308 4 327 15838 21343 244 17073
65 981 3 327 15738 21209 244 16966
65 654 2 327 15639 21075 244 16859
65 327 1 327 15539 20941 244 16752
66 32700 100 327 25502 34513 3850 27522
66 32374 99 327 25402 34377 246 27414
66 32046 98 327 25301 34240 247 27305
66 31719 97 327 25200 34104 246 27196
66 31393 96 327 25100 33968 246 27088
66 31065 95 327 24998 33831 247 26978
66 30738 94 327 24898 33694 247 26869
66 30411 93 327 24797 33558 246 26761
66 30084 92 327 24696 33422 246 26652
66 29757 91 327 24595 33285 247 26543
66 29430 90 327 24495 33149 246 26435
66 29103 89 327 24394 33013 246 26326
66 28776 88 327 24293 32876 247 26217
66 28449 87 327 24192 32740 246 26108
66 28122 86 327 24091 32603 247 25999
66 27795 85 327 23991 32467 246 25891
66 27468 84 327 23890 32331 246 25782
66 27141 83 327 23789 32194 247 25673
66 26814 82 327 23688 32058 246 25564
66 26487 81 327 23587 31921 247 25455
66 26160 80 327 23487 31785 246 25347
66 25833 79 327 23386 31649 246 25238
66 25506 78 327 23285 31512 247 25129
66 25179 77 327 23184 31376 246 25021
66 24852 76 327 23083 31239 247 24912
66 24525 75 327 22983 31103 246 24803
66 24198 74 327 22882 30967 246 24694
66 23871 73 327 22781 30830 247 24585
66 23544 72 327 22680 30694 246 24477
66 23217 71 327 22580 30557 247 24368
66 22890 70 327 22479 30421 246 24259
66 22563 69 327 22378 30285 246 24150
66 22236 68 327 22277 30148 247 24042
66 21909 67 327 22176 30012 246 23933
66 21582 66 327 22076 29875 247 23824
66 21255 65 327 21975 29739 246 23715
66 20928 64 327 21874 29603 246 23607
66 20601 63 327 21773 29466 247 23498
66 20274 62 327 21672 29330 246 23389
66 19947 61 327 21572 29193 247 23280
66 19620 60 327 21471 29057 246 23171
66 19293 58 327 21370 28921 246 23063
66 18967 58 327 21270 28785 246 22954
66 18639 57 327 21169 28648 247 22845
66 18312 56 327 21068 28511 247 22736
66 17985 55 327 20967 28375 246 22628
66 17658 54 327 20866 28239 246 22519
66 17331 52 327 20765 28102 247 22410
66 17004 52 327 20665 27966 246 22301
66 16677 51 327 20564 27829 247 22192
66 16350 50 327 20463 27693 246 22084
66 16023 49 327 20362 27557 246 21975
66 15696 48 327 20261 27420 247 21866
66 15369 47 327 20161 27284 246 21757
66 15042 46 327 20060 27147 247 21648
66 14715 45 327 19959 27011 246 21540
66 14388 44 327 19858 26875 246 21431
66 14061 43 327 19757 26738 247 21322
66 13734 42 327 19657 26602 246 21214
66 13407 41 327 19556 26465 247 21105
66 13080 40 327 19455 26329 246 20996
66 12753 39 327 19354 26193 246 20887
66 12426 38 327 19254 26056 247 20778
66 12099 37 327 19153 25920 246 20670
66 11772 36 327 19052 25783 247 20561
66 11445 35 327 18951 25647 246 20452
66 11118 34 327 18850 25511 246 20343
66 10791 33 327 18750 25374 247 20235
66 10464 32 327 18649 25238 246 20126
66 10137 31 327 18548 25101 247 20017
66 9810 30 327 18447 24965 246 19908
66 9483 29 327 18346 24829 246 19800
66 9156 28 327 18246 24692 247 19691
66 8829 27 327 18145 24556 246 19582
66 8502 26 327 18044 24419 247 19473
66 8175 25 327 17943 24283 246 19364
66 7848 24 327 17843 24147 246 19256
66 7521 23 327 17742 24010 247 19147
66 7194 22 327 17641 23874 246 19038
66 6867 21 327 17540 23737 247 18929
66 6540 20 327 17439 23601 246 18821
66 6213 19 327 17339 23465 246 18712
66 5886 18 327 17238 23329 246 18603
66 5559 17 327 17137 23192 247 18494
66 5232 16 327 17036 23055 247 18385
66 4905 15 327 16935 22919 246 18277
66 4578 14 327 16835 22783 246 18168
66 4251 13 327 16734 22646 247 18059
66 3924 12 327 16633 22510 246 17950
66 3597 11 327 16532 22373 247 17842
66 3270 10 327 16431 22237 246 17733
66 2943 9 327 16331 22101 246 17624
66 2616 8 327 16230 21964 247 17515
66 2289 7 327 16129 21828 246 17407
66 1962 6 327 16028 21691 247 17298
66 1635 5 327 15928 21555 246 17189
66 1308 4 327 15827 21419 246 17080
66 982 3 327 15726 21283 246 16972
66 654 2 327 15625 21146 247 16863
66 327 1 327 15524 21009 247 16754
67 32700 100 327 25628 34829 3723 27688
67 32373 99 327 25525 34691 248 27578
67 32046 98 327 25423 34552 249 27467
67 31719 97 327 25321 34413 249 27357
67 31392 96 327 25219 34274 249 27246
67 31065 95 327 25117 34135 249 27136
67 30738 94 327 25014 33996 249 27026
67 30411 93 327 24912 33857 249 26915
67 30084 92 327 24810 33718 249 26805
67 29757 91 327 24708 33579 249 26694
67 29430 90 327 24606 33440 249 26584
67 29103 89 327 24503 33301 249 26473
67 28776 88 327 24401 33163 248 26363
67 28449 87 327 24299 33024 249 26253
67 28122 86 327 24197 32885 249 26142
67 27795 85 327 24095 32746 249 26032
67 27468 84 327 23992 32607 249 25921
67 27141 83 327 23890 32468 249 25811
67 26814 82 327 23788 32329 249 25700
67 26487 81 327 23686 32190 249 25590
67 26160 80 327 23584 32052 248 25480
67 25834 79 327 23482 31913 249 25370
67 25506 78 327 23379 31774 249 25259
67 25179 77 327 23277 31635 249 25148
67 24852 76 327 23175 31496 249 25038
67 24525 75 327 23073 31357 249 24928
67 24198 74 327 22970 31218 249 24817
67 23871 73 327 22868 31079 249 24707
67 23544 72 327 22766 30940 249 24596
67 23217 71 327 22664 30801 249 24486
67 22890 70 327 22561 30662 249 24375
67 22563 69 327 22459 30523 249 24265
67 22236 68 327 22357 30385 248 24155
67 21909 67 327 22255 30246 249 24044
67 21582 66 327 22153 30107 249 23934
67 21255 65 327 22050 29968 249 23823
67 20928 64 327 21948 29829 249 23713
67 20601 63 327 21846 29690 249 23602
67 20274 62 327 21744 29551 249 23492
67 19947 61 327 21642 29412 249 23382
67 19620 60 327 21539 29273 249 23271
67 19293 58 327 21437 29134 249 23161
67 18966 58 327 21335 28995 249 23050
67 18639 57 327 21233 28857 248 22940
67 18312 56 327 21131 28718 249 22830
67 17985 55 327 21028 28579 249 22719
67 17658 54 327 20926 28440 249 22609
67 17331 52 327 20824 28301 249 22498
67 17004 52 327 20722 28162 249 22388
67 16677 51 327 20620 28023 249 22277
67 16350 50 327 20517 27884 249 22167
67 16023 49 327 20415 27745 249 22056
67 15696 48 327 20313 27606 249 21946
67 15369 47 327 20211 27468 248 21836
67 15042 46 327 20109 27329 249 21725
67 14715 45 327 20006 27190 249 21615
67 14388 44 327 19904 27051 249 21504
67 14061 43 327 19802 26912 249 21394
67 13734 42 327 19700 26773 249 21284
67 13407 41 327 19598 26634 249 21173
67 13080 40 327 19495 26495 249 21063
67 12753 39 327 19393 26356 249 20952
67 12426 38 327 19291 26217 249 20842
67 12099 37 327 19189 26079 248 20732
67 11773 36 327 19087 25940 249 20621
67 11445 35 327 18984 25801 249 20511
67 11118 34 327 18882 25662 249 20400
67 10791 33 327 18780 25523 249 20290
67 10464 32 327 18678 25384 249 20179
67 10137 31 327 18575 25245 249 20069
67 9810 30 327 18473 25106 249 19958
67 9483 29 327 18371 24968 248 19849
67 9156 28 327 18269 24828 250 19738
67 8829 27 327 18167 24690 248 19627
67 8502 26 327 18064 24551 249 19517
67 8175 25 327 17962 24412 249 19406
67 7848 24 327 17860 24273 249 19296
67 7521 23 327 17758 24134 249 19186
67 7194 22 327 17656 23995 249 19075
67 6867 21 327 17553 23856 249 18965
67 6540 20 327 17451 23717 249 18854
67 6213 19 327 17349 23578 249 18744
67 5886 18 327 17247 23439 249 18633
67 5559 17 327 17145 23300 2527 18523
67 5232 16 327 17042 23162 248 18413
67 4905 15 327 16940 23023 249 18302
67 4578 14 327 16838 22884 249 18192
67 4251 13 327 16736 22745 249 18081
67 3924 12 327 16634 22606 249 17971
67 3597 11 327 16531 22467 249 17860
67 3270 10 327 16429 22328 249 17750
67 2943 9 327 16327 22189 249 17640
67 2616 8 327 16225 22050 249 17529
67 2289 7 327 16123 21911 249 17419
67 1962 6 327 16020 21773 248 17308
67 1635 5 327 15918 21634 249 17198
67 1308 4 327 15816 21495 249 17088
67 981 3 327 15714 21356 249 16977
67 654 2 327 15612 21217 249 16867
67 327 1 327 15509 21078 249 16756
68 32700 100 327 25753 35147 3592 27854
68 32373 99 327 25649 35006 251 27742
68 32046 98 327 25545 34864 252 27630
68 31719 97 327 25442 34723 251 27518
68 31392 96 327 25338 34582 251 27406
68 31065 95 327 25234 34440 252 27294
68 30738 94 327 25131 34299 251 27182
68 30411 93 327 25027 34157 252 27069
68 30084 92 327 24924 34016 251 26957
68 29757 91 327 24820 33874 252 26845
68 29430 90 327 24716 33733 251 26733
68 29104 89 327 24613 33592 251 26621
68 28776 88 327 24509 33450 252 26509
68 28449 87 327 24406 33309 251 26397
68 28122 86 327 24302 33167 252 26285
68 27795 85 327 24198 33026 251 26173
68 27468 84 327 24095 32885 251 26061
68 27141 83 327 23991 32743 252 25949
68 26814 82 327 23887 32602 251 25837
68 26487 81 327 23784 32460 252 25724
68 26160 80 327 23680 32319 251 25613
68 25833 79 327 23577 32177 252 25500
68 25506 78 327 23473 32036 251 25388
68 25179 77 327 23369 31895 251 25276
68 24852 76 327 23266 31753 252 25164
68 24525 75 327 23162 31612 251 25052
68 24198 74 327 23058 31470 252 24940
68 23871 73 327 22955 31329 251 24828
68 23544 72 327 22851 31187 252 24716
68 23217 71 327 22748 31046 251 24604
68 22890 70 327 22644 30905 251 24492
68 22563 69 327 22540 30763 252 24380
68 22236 68 327 22437 30622 251 24268
68 21909 67 327 22333 30480 252 24155
68 21582 66 327 22229 30339 251 24043
68 21255 65 327 22126 30198 251 23931
68 20928 64 327 22022 30056 252 23819
68 20601 63 327 21919 29915 251 23707
68 20274 62 327 21815 29773 252 23595
68 19947 61 327 21711 29632 251 23483
68 19620 60 327 21608 29490 252 23371
68 19293 58 327 21504 29349 251 23259
68 18966 58 327 21401 29208 251 23147
68 18639 57 327 21297 29066 252 23035
68 18312 56 327 21193 28925 251 22923
68 17985 55 327 21090 28783 252 22810
68 17658 54 327 20986 28642 251 22699
68 17331 52 327 20882 28500 252 22586
68 17004 52 327 20779 28359 251 22474
68 16677 51 327 20675 28218 251 22362
68 16350 50 327 20572 28076 252 22250
68 16023 49 327 20468 27935 251 22138
68 15696 48 327 20364 27793 252 22026
68 15369 47 327 20261 27652 251 21914
68 15042 46 327 20157 27511 251 21802
68 14715 45 327 20053 27369 252 21690
68 14388 44 327 19950 27228 251 21578
68 14061 43 327 19846 27086 252 21466
68 13734 42 327 19743 26945 251 21354
68 13407 41 327 19639 26803 252 21241
68 13080 40 327 19535 26662 251 21129
68 12753 39 327 19432 26521 251 21017
68 12426 38 327 19328 26379 252 20905
68 12099 37 327 19225 26238 251 20793
68 11772 36 327 19121 26096 252 20681
68 11445 35 327 19017 25955 251 20569
68 11118 34 327 18914 25813 252 20457
68 10791 33 327 18810 25672 251 20345
68 10464 32 327 18706 25531 251 20233
68 10137 31 327 18603 25389 252 20121
68 9810 30 327 18499 25248 251 20009
68 9483 29 327 18396 25106 252 19897
68 9156 28 327 18292 24965 251 19785
68 8830 27 327 18189 24824 251 19673
68 8502 26 327 18085 24682 252 19560
68 8175 25 327 17981 24541 251 19448
68 7848 24 327 17877 24399 252 19336
68 7521 23 327 17774 24258 251 19224
68 7194 22 327 17670 24116 252 19112
68 6867 21 327 17567 23975 251 19000
68 6541 20 327 17463 23834 251 18888
68 6213 19 327 17359 23692 252 18776
68 5886 18 327 17256 23551 251 18664
68 5559 17 327 17152 23409 252 18552
68 5232 16 327 17048 23268 251 18440
68 4905 15 327 16945 23126 252 18327
68 4578 14 327 16841 22985 251 18215
68 4251 13 327 16738 22844 251 18104
68 3924 12 327 16634 22702 252 17991
68 3598 11 327 16531 22561 251 17880
68 3270 10 327 16427 22419 252 17767
68 2943 9 327 16323 22278 251 17655
68 2616 8 327 16220 22137 251 17543
68 2289 7 327 16116 21995 252 17431
68 1962 6 327 16012 21854 251 17319
68 1635 5 327 15909 21712 252 17207
68 1308 4 327 15805 21571 251 17095
68 981 3 327 15701 21429 252 16983
68 654 2 327 15598 21288 251 16871
68 327 1 327 15494 21147 251 16759
69 32700 100 327 25877 35466 3459 28020
69 32373 99 327 25772 35322 254 27906
69 32046 98 327 25667 35179 253 27792
69 31719 97 327 25562 35035 254 27679
69 31392 96 327 25457 34891 254 27565
69 31065 95 327 25352 34747 254 27451
69 30738 94 327 25247 34603 254 27337
69 30411 93 327 25142 34459 254 27224
69 30084 92 327 25037 34315 254 27110
69 29757 91 327 24932 34171 254 26996
69 29430 90 327 24827 34027 254 26883
69 29103 89 327 24722 33883 254 26769
69 28776 88 327 24617 33739 254 26655
69 28449 87 327 24512 33595 254 26541
69 28122 86 327 24407 33451 254 26428
69 27795 85 327 24302 33307 254 26314
69 27468 84 327 24197 33163 254 26200
69 27141 83 327 24092 33019 254 26086
69 26814 82 327 23987 32875 254 25973
69 26487 81 327 23882 32731 254 25859
69 26160 80 327 23777 32587 254 25745
69 25833 79 327 23671 32443 254 25631
69 25506 78 327 23566 32299 254 25518
69 25179 77 327 23461 32156 253 25404
69 24852 76 327 23356 32012 254 25290
69 24525 75 327 23251 31868 254 25177
69 24198 74 327 23146 31724 254 25063
69 23871 73 327 23041 31580 254 24949
69 23544 72 327 22936 31436 254 24835
69 23217 71 327 22831 31292 254 24722
69 22890 70 327 22726 31148 254 24608
69 22563 69 327 22621 31004 254 24494
69 22236 68 327 22516 30860 254 24381
69 21909 67 327 22411 30716 254 24267
69 21582 66 327 22306 30572 254 24153
69 21255 65 327 22201 30428 254 24039
69 20928 64 327 22096 30284 254 23926
69 20601 63 327 21991 30140 254 23812
69 20274 62 327 21886 29996 254 23698
69 19947 61 327 21781 29852 254 23584
69 19620 60 327 21676 29708 254 23471
69 19293 58 327 21571 29564 254 23357
69 18966 58 327 21466 29420 254 23243
69 18639 57 327 21361 29276 254 23129
69 18312 56 327 21256 29133 253 23016
69 17985 55 327 21151 28989 254 22902
69 17658 54 327 21046 28845 254 22788
69 17331 52 327 20941 28701 254 22675
69 17004 52 327 20836 28557 254 22561
69 16677 51 327 20731 28413 254 22447
69 16350 50 327 20626 28269 254 22333
69 16023 49 327 20521 28125 254 22220
69 15696 48 327 20416 27981 254 22106
69 15369 47 327 20311 27837 254 21992
69 15042 46 327 20205 27693 254 21878
69 14715 45 327 20100 27549 254 21765
69 14388 44 327 19995 27405 254 21651
69 14061 43 327 19890 27261 254 21537
69 13734 42 327 19785 27117 254 21424
69 13407 41 327 19680 26973 254 21310
69 13080 40 327 19575 26829 254 21196
69 12753 39 327 19470 26685 254 21082
69 12426 38 327 19365 26541 254 20969
69 12099 37 327 19260 26397 254 20855
69 11772 36 327 19155 26253 254 20741
69 11445 35 327 19050 26110 253 20628
69 11118 34 327 18945 25966 254 20514
69 10791 33 327 18840 25822 254 20400
69 10464 32 327 18735 25678 254 20286
69 10137 31 327 18630 25534 254 20173
69 9810 30 327 18525 25390 254 20059
69 9483 29 327 18420 25246 254 19945
69 9156 28 327 18315 25102 254 19831
69 8829 27 327 18210 24958 254 19718
69 8502 26 327 18105 24814 254 19604
69 8175 25 327 18000 24670 254 19490
69 7848 24 327 17895 24526 254 19376
69 7521 23 327 17790 24382 254 19263
69 7194 22 327 17685 24238 254 19149
69 6867 21 327 17580 24094 254 19035
69 6540 20 327 17475 23950 254 18922
69 6213 19 327 17370 23806 254 18808
69 5886 18 327 17265 23662 254 18694
69 5559 17 327 17160 23518 254 18580
69 5233 16 327 17055 23375 253 18467
69 4905 15 327 16950 23231 254 18353
69 4578 14 327 16844 23087 254 18239
69 4251 13 327 16739 22943 254 18126
69 3924 12 327 16634 22799 254 18012
69 3597 11 327 16529 22655 254 17898
69 3270 10 327 16424 22511 254 17784
69 2943 9 327 16319 22367 254 17671
69 2616 8 327 16214 22223 254 17557
69 2289 7 327 16109 22079 254 17443
69 1962 6 327 16004 21935 254 17329
69 1635 5 327 15899 21791 254 17216
69 1308 4 327 15794 21647 254 17102
69 981 3 327 15689 21503 254 16988
69 654 2 327 15584 21359 254 16874
69 327 1 327 15479 21215 254 16761
70 32700 100 327 26001 35787 3324 28186
70 32373 99 327 25895 35640 257 28070
70 32046 98 327 25789 35494 256 27955
70 31719 97 327 25682 35348 256 27840
70 31392 96 327 25576 35201 257 27724
70 31065 95 327 25469 35054 257 27609
70 30738 94 327 25363 34908 256 27493
70 30411 93 327 25256 34761 257 27378
70 30084 92 327 25150 34615 256 27263
70 29757 91 327 25043 34468 257 27147
70 29430 90 327 24937 34322 256 27032
70 29103 89 327 24831 34175 257 26916
70 28776 88 327 24724 34029 256 26801
70 28449 87 327 24618 33882 257 26685
70 28122 86 327 24511 33736 256 26570
70 27795 85 327 24405 33589 257 26455
70 27468 84 327 24298 33443 256 26339
70 27141 83 327 24192 33296 257 26224
70 26814 82 327 24086 33150 256 26109
70 26487 81 327 23979 33003 257 25993
70 26161 80 327 23873 32857 256 25878
70 25833 79 327 23766 32710 257 25762
70 25506 78 327 23660 32564 256 25647
70 25179 77 327 23553 32417 257 25532
70 24852 76 327 23447 32271 256 25416
70 24525 75 327 23340 32124 257 25301
70 24198 74 327 23234 31978 256 25186
70 23871 73 327 23128 31831 257 25070
70 23544 72 327 23021 31685 256 24955
70 23217 71 327 22915 31538 257 24839
70 22890 70 327 22808 31392 256 24724
70 22563 69 327 22702 31246 256 24609
70 22236 68 327 22595 31099 257 24493
70 21909 67 327 22489 30953 256 24378
70 21582 66 327 22382 30807 256 24263
70 21255 65 327 22276 30660 257 24147
70 20928 64 327 22170 30513 257 24032
70 20601 63 327 22063 30367 256 23917
70 20274 62 327 21957 30220 257 23801
70 19947 61 327 21850 30074 256 23686
70 19620 60 327 21744 29927 257 23570
70 19293 58 327 21637 29781 256 23455
70 18966 58 327 21531 29634 257 23340
70 18639 57 327 21425 29488 256 23224
70 18312 56 327 21318 29341 257 23109
70 17985 55 327 21212 29195 256 22994
70 17658 54 327 21105 29048 257 22878
70 17331 52 327 20999 28902 256 22763
70 17004 52 327 20892 28755 257 22647
70 16677 51 327 20786 28609 256 22532
70 16350 50 327 20679 28462 257 22417
70 16023 49 327 20573 28316 256 22301
70 15696 48 327 20467 28169 257 22186
70 15369 47 327 20360 28023 256 22071
70 15042 46 327 20254 27876 257 21955
70 14715 45 327 20147 27730 256 21840
70 14388 44 327 20041 27583 257 21724
70 14061 43 327 19934 27437 256 21609
70 13734 42 327 19828 27290 257 21493
70 13407 41 327 19722 27144 256 21378
70 13080 40 327 19615 26997 257 21263
70 12753 39 327 19509 26851 256 21147
70 12426 38 327 19402 26704 257 21032
70 12099 37 327 19296 26558 256 20917
70 11772 36 327 19189 26411 257 20801
70 11445 35 327 19083 26265 256 20686
70 11118 34 327 18976 26118 257 20570
70 10791 33 327 18870 25972 256 20455
70 10464 32 327 18764 25825 257 20340
70 10137 31 327 18657 25679 256 20224
70 9810 30 327 18551 25532 257 20109
70 9483 29 327 18444 25386 256 19994
70 9156 28 327 18338 25239 257 19878
70 8829 27 327 18231 25093 256 19763
70 8502 26 327 18125 24946 257 19647
70 8175 25 327 18019 24800 256 19532
70 7848 24 327 17912 24653 257 19417
70 7521 23 327 17806 24507 256 19301
70 7194 22 327 17699 24360 257 19186
70 6867 21 327 17593 24214 256 19071
70 6540 20 327 17486 24067 257 18955
70 6213 19 327 17380 23921 256 18840
70 5886 18 327 17273 23774 257 18724
70 5559 17 327 17167 23628 256 18609
70 5232 16 327 17061 23481 257 18494
70 4905 15 327 16954 23335 256 18378
70 4578 14 327 16848 23188 257 18263
70 4251 13 327 16741 23042 256 18148
70 3924 12 327 16635 22895 257 18032
70 3597 11 327 16528 22749 256 17917
70 3270 10 327 16422 22602 257 17801
70 2943 9 327 16316 22456 256 17686
70 2616 8 327 16209 22309 257 17571
70 2289 7 327 16103 22163 256 17455
70 1962 6 327 15996 22016 257 17340
70 1635 5 327 15890 21870 256 17225
70 1308 4 327 15783 21723 257 17109
70 981 3 327 15677 21577 256 16994
70 654 2 327 15570 21430 257 16878
70 327 1 327 15464 21284 256 16763
71 32700 100 327 26125 36109 3188 28351
71 32373 99 327 26017 35960 259 28234
71 32046 98 327 25910 35811 259 28117
71 31719 97 327 25802 35661 260 28000
71 31392 96 327 25694 35512 259 27883
71 31065 95 327 25586 35363 259 27766
71 30738 94 327 25478 35214 259 27649
71 30411 93 327 25370 35065 259 27532
71 30084 92 327 25263 34916 259 27415
71 29757 91 327 25155 34767 259 27298
71 29430 90 327 25047 34618 259 27181
71 29103 89 327 24939 34469 259 27064
71 28776 88 327 24831 34320 259 26947
71 28450 87 327 24724 34171 259 26830
71 28122 86 327 24616 34022 259 26713
71 27795 85 327 24508 33873 259 26596
71 27468 84 327 24400 33724 259 26479
71 27141 83 327 24292 33575 259 26362
71 26814 82 327 24184 33426 259 26245
71 26487 81 327 24076 33277 259 26128
71 26160 80 327 23968 33128 259 26011
71 25833 79 327 23861 32979 259 25894
71 25506 78 327 23753 32829 260 25776
71 25179 77 327 23645 32680 259 25659
71 24852 76 327 23537 32531 259 25542
71 24526 75 327 23430 32383 258 25426
71 24198 74 327 23321 32233 260 25308
71 23871 73 327 23214 32084 259 25191
71 23544 72 327 23106 31935 259 25074
71 23217 71 327 22998 31786 259 24957
71 22890 70 327 22890 31637 259 24840
71 22563 69 327 22782 31488 259 24723
71 22236 68 327 22674 31339 259 24606
71 21909 67 327 22567 31190 259 24489
71 21582 66 327 22459 31041 259 24372
71 21255 65 327 22351 30892 259 24255
71 20928 64 327 22243 30743 259 24138
71 20601 63 327 22135 30594 259 24021
71 20274 62 327 22027 30445 259 23904
71 19947 61 327 21919 30296 259 23787
71 19620 60 327 21812 30147 259 23670
71 19293 58 327 21704 29997 260 23553
71 18966 58 327 21596 29848 259 23436
71 18640 57 327 21488 29700 258 23319
71 18312 56 327 21380 29550 260 23202
71 17985 55 327 21272 29401 259 23085
71 17658 54 327 21165 29252 259 22968
71 17331 52 327 21057 29103 259 22851
71 17004 52 327 20949 28954 259 22734
71 16677 51 327 20841 28805 259 22617
71 16350 50 327 20733 28656 259 22500
71 16023 49 327 20625 28507 259 22383
71 15696 48 327 20518 28358 259 22266
71 15369 47 327 20410 28209 259 22149
71 15042 46 327 20302 28060 259 22032
71 14715 45 327 20194 27911 259 21915
71 14388 44 327 20086 27762 259 21798
71 14061 43 327 19978 27613 259 21681
71 13734 42 327 19870 27464 259 21564
71 13407 41 327 19763 27315 259 21447
71 13080 40 327 19655 27165 260 21329
71 12753 39 327 19547 27016 259 21212
71 12426 38 327 19439 26868 258 21096
71 12099 37 327 19331 26719 259 20979
71 11772 36 327 19223 26569 260 20861
71 11445 35 327 19116 26420 259 20744
71 11118 34 327 19008 26271 259 20627
71 10791 33 327 18900 26122 259 20510
71 10464 32 327 18792 25973 259 20393
71 10137 31 327 18684 25824 259 20276
71 9810 30 327 18576 25675 259 20159
71 9483 29 327 18468 25526 259 20042
71 9156 28 327 18361 25377 259 19925
71 8829 27 327 18253 25228 259 19808
71 8502 26 327 18145 25079 259 19691
71 8175 25 327 18037 24930 259 19574
71 7848 24 327 17929 24781 259 19457
71 7521 23 327 17821 24632 259 19340
71 7194 22 327 17714 24483 259 19223
71 6867 21 327 17606 24333 260 19106
71 6540 20 327 17498 24184 259 18989
71 6213 19 327 17390 24035 259 18872
71 5886 18 327 17282 23886 259 18755
71 5559 17 327 17174 23737 259 18638
71 5232 16 327 17067 23588 259 18521
71 4905 15 327 16959 23439 259 18404
71 4578 14 327 16851 23290 259 18287
71 4251 13 327 16743 23141 259 18169
71 3924 12 327 16635 22992 259 18052
71 3597 11 327 16527 22843 259 17935
71 3271 10 327 16420 22694 259 17819
71 2943 9 327 16312 22545 259 17701
71 2616 8 327 16204 22396 259 17584
71 2289 7 327 16096 22247 259 17467
71 1962 6 327 15988 22098 259 17350
71 1635 5 327 15880 21949 259 17233
71 1308 4 327 15772 21800 259 17117
71 981 3 327 15665 21650 260 16999
71 654 2 327 15557 21501 259 16882
71 327 1 327 15449 21352 259 16765
72 32700 100 327 26249 36432 3051 28517
72 32373 99 327 26140 36280 262 28398
72 32046 98 327 26030 36128 262 28279
72 31719 97 327 25921 35977 261 28161
72 31392 96 327 25812 35825 262 28042
72 31065 95 327 25703 35674 261 27924
72 30738 94 327 25593 35522 262 27805
72 30411 93 327 25484 35370 262 27686
72 30084 92 327 25375 35219 261 27567
72 29757 91 327 25266 35067 262 27449
72 29430 90 327 25157 34915 262 27330
72 29103 89 327 25047 34764 261 27211
72 28776 88 327 24938 34612 262 27093
72 28449 87 327 24829 34461 261 26974
72 28123 86 327 24720 34309 262 26856
72 27795 85 327 24610 34157 262 26737
72 27468 84 327 24501 34006 261 26618
72 27141 83 327 24392 33854 262 26499
72 26814 82 327 24283 33703 261 26381
72 26487 81 327 24173 33551 262 26262
72 26160 80 327 24064 33399 262 26143
72 25833 79 327 23955 33248 261 26025
72 25506 78 327 23846 33096 262 25906
72 25179 77 327 23736 32944 262 25787
72 24852 76 327 23627 32793 261 25669
72 24525 75 327 23518 32641 262 25550
72 24198 74 327 23409 32490 261 25431
72 23871 73 327 23299 32338 262 25312
72 23544 72 327 23190 32186 262 25194
72 23217 71 327 23081 32035 261 25075
72 22890 70 327 22972 31883 262 24956
72 22563 69 327 22862 31731 262 24838
72 22236 68 327 22753 31580 261 24719
72 21909 67 327 22644 31428 262 24600
72 21582 66 327 22535 31277 261 24482
72 21255 65 327 22425 31125 262 24363
72 20928 64 327 22316 30973 262 24244
72 20601 63 327 22207 30822 261 24126
72 20274 62 327 22098 30670 262 24007
72 19947 61 327 21988 30518 262 23888
72 19620 60 327 21879 30367 261 23770
72 19293 58 327 21770 30215 262 23651
72 18966 58 327 21661 30064 261 23532
72 18639 57 327 21551 29912 262 23414
72 18312 56 327 21442 29760 262 23295
72 17985 55 327 21333 29609 261 23176
72 17658 54 327 21224 29457 262 23057
72 17331 52 327 21114 29305 262 22939
72 17004 52 327 21005 29154 261 22820
72 16677 51 327 20896 29002 262 22701
72 16350 50 327 20787 28851 261 22583
72 16023 49 327 20677 28699 262 22464
72 15696 48 327 20568 28547 262 22345
72 15369 47 327 20459 28396 261 22227
72 15042 46 327 20350 28244 262 22108
72 14715 45 327 20241 28092 262 21989
72 14388 44 327 20131 27941 261 21871
72 14061 43 327 20022 27789 262 21752
72 13734 42 327 19913 27638 261 21633
72 13407 41 327 19804 27486 262 21515
72 13080 40 327 19694 27334 262 21396
72 12753 39 327 19585 27183 261 21277
72 12426 38 327 19476 27031 262 21158
72 12099 37 327 19367 26879 262 21040
72 11772 36 327 19257 26728 261 20921
72 11445 35 327 19148 26576 262 20802
72 11118 34 327 19039 26425 261 20684
72 10791 33 327 18930 26273 262 20565
72 10464 32 327 18820 26121 262 20446
72 10137 31 327 18711 25970 261 20328
72 9810 30 327 18602 25818 262 20209
72 9483 29 327 18493 25666 262 20090
72 9156 28 327 18383 25515 261 19972
72 8829 27 327 18274 25363 262 19853
72 8502 26 327 18165 25212 261 19734
72 8175 25 327 18056 25060 262 19616
72 7848 24 327 17946 24908 262 19497
72 7521 23 327 17837 24757 261 19378
72 7195 22 327 17728 24606 261 19260
72 6867 21 327 17619 24453 263 19141
72 6540 20 327 17509 24302 261 19022
72 6213 19 327 17400 24150 262 18903
72 5886 18 327 17291 23999 261 18785
72 5559 17 327 17182 23847 262 18666
72 5232 16 327 17072 23695 262 18547
72 4905 15 327 16963 23544 261 18429
72 4578 14 327 16854 23392 262 18310
72 4251 13 327 16745 23240 262 18191
72 3924 12 327 16635 23089 261 18073
72 3597 11 327 16526 22937 262 17954
72 3270 10 327 16417 22786 261 17836
72 2943 9 327 16308 22634 262 17717
72 2616 8 327 16198 22482 262 17598
72 2289 7 327 16089 22331 261 17479
72 1962 6 327 15980 22179 262 17361
72 1635 5 327 15871 22028 261 17242
72 1308 4 327 15762 21876 262 17123
72 981 3 327 15652 21724 262 17005
72 654 2 327 15543 21573 261 16886
72 327 1 327 15434 21421 262 16767
73 32700 100 327 26372 36756 2912 28682
73 32373 99 327 26262 36602 264 28562
73 32046 98 327 26151 36448 264 28442
73 31719 97 327 26040 36293 265 28321
73 31392 96 327 25930 36139 264 28201
73 31065 95 327 25819 35985 264 28081
73 30738 94 327 25708 35831 264 27960
73 30411 93 327 25598 35677 264 27840
73 30084 92 327 25487 35522 265 27720
73 29757 91 327 25376 35368 264 27599
73 29430 90 327 25266 35214 264 27479
73 29103 89 327 25155 35060 264 27359
73 28776 88 327 25045 34906 264 27239
73 28449 87 327 24934 34751 265 27118
73 28122 86 327 24823 34597 264 26998
73 27795 85 327 24713 34443 264 26877
73 27468 84 327 24602 34289 264 26757
73 27141 83 327 24491 34135 264 26637
73 26814 82 327 24381 33980 265 26516
73 26487 81 327 24270 33826 264 26396
73 26160 80 327 24159 33672 264 26276
73 25833 79 327 24049 33518 264 26155
73 25506 78 327 23938 33364 264 26035
73 25179 77 327 23827 33209 265 25915
73 24853 76 327 23717 33056 263 25795
73 24525 75 327 23606 32901 265 25674
73 24198 74 327 23496 32747 264 25554
73 23871 73 327 23385 32593 264 25434
73 23544 72 327 23274 32438 265 25313
73 23217 71 327 23164 32284 264 25193
73 22890 70 327 23053 32130 264 25072
73 22563 69 327 22942 31976 264 24952
73 22236 68 327 22832 31821 265 24832
73 21909 67 327 22721 31667 264 24711
73 21582 66 327 22610 31513 264 24591
73 21255 65 327 22500 31359 264 24471
73 20928 64 327 22389 31205 264 24350
73 20601 63 327 22278 31050 265 24230
73 20274 62 327 22168 30896 264 24110
73 19947 61 327 22057 30742 264 23989
73 19620 60 327 21947 30588 264 23869
73 19293 58 327 21836 30434 264 23749
73 18966 58 327 21725 30279 265 23628
73 18639 57 327 21615 30125 264 23508
73 18313 56 327 21504 29971 264 23388
73 17985 55 327 21393 29817 264 23267
73 17658 54 327 21283 29663 264 23147
73 17331 52 327 21172 29508 265 23027
73 17004 52 327 21061 29354 264 22906
73 16677 51 327 20951 29200 264 22786
73 16350 50 327 20840 29046 264 22666
73 16023 49 327 20729 28892 264 22545
73 15696 48 327 20619 28737 265 22425
73 15369 47 327 20508 28583 264 22305
73 15042 46 327 20398 28429 264 22184
73 14715 45 327 20287 28275 264 22064
73 14388 44 327 20176 28121 264 21944
73 14061 43 327 20066 27966 265 21823
73 13734 42 327 19955 27812 264 21703
73 13407 41 327 19844 27658 264 21583
73 13080 40 327 19734 27504 264 21462
73 12753 39 327 19623 27350 264 21342
73 12426 38 327 19512 27195 265 21222
73 12099 37 327 19402 27041 264 21101
73 11772 36 327 19291 26887 264 20981
73 11445 35 327 19180 26733 264 20861
73 11118 34 327 19070 26578 265 20740
73 10791 33 327 18959 26424 264 20620
73 10464 32 327 18849 26270 264 20500
73 10137 31 327 18738 26116 264 20379
73 9810 30 327 18627 25962 264 20259
73 9483 29 327 18517 25807 265 20139
73 9156 28 327 18406 25653 264 20018
73 8829 27 327 18295 25499 264 19898
73 8502 26 327 18185 25345 264 19778
73 8175 25 327 18074 25191 264 19657
73 7848 24 327 17963 25036 265 19537
73 7521 23 327 17853 24882 264 19417
73 7194 22 327 17742 24728 264 19296
73 6867 21 327 17631 24574 264 19176
73 6540 20 327 17521 24420 264 19056
73 6213 19 327 17410 24265 265 18935
73 5886 18 327 17300 24111 264 18815
73 5559 17 327 17189 23957 264 18695
73 5232 16 327 17078 23803 264 18574
73 4905 15 327 16968 23649 264 18454
73 4578 14 327 16857 23494 265 18334
73 4251 13 327 16746 23340 264 18213
73 3924 12 327 16636 23186 264 18093
73 3597 11 327 16525 23032 264 17973
73 3270 10 327 16414 22878 264 17852
73 2943 9 327 16304 22723 265 17732
73 2616 8 327 16193 22569 264 17612
73 2289 7 327 16083 22415 264 17491
73 1962 6 327 15972 22261 264 17371
73 1635 5 327 15861 22106 265 17251
73 1308 4 327 15751 21952 264 17130
73 981 3 327 15640 21798 264 17010
73 654 2 327 15529 21644 264 16890
73 327 1 327 15419 21490 264 16769
74 32700 100 327 26495 37082 2770 28848
74 32373 99 327 26383 36925 267 28726
74 32046 98 327 26271 36768 267 28604
74 31719 97 327 26159 36611 267 28482
74 31392 96 327 26047 36455 266 28360
74 31065 95 327 25935 36298 267 28238
74 30738 94 327 25823 36141 267 28116
74 30411 93 327 25711 35984 267 27994
74 30084 92 327 25599 35827 267 27872
74 29757 91 327 25487 35671 266 27750
74 29430 90 327 25375 35514 267 27628
74 29103 89 327 25263 35357 267 27506
74 28776 88 327 25151 35200 267 27384
74 28449 87 327 25039 35043 267 27262
74 28122 86 327 24927 34887 266 27140
74 27795 85 327 24815 34730 267 27018
74 27468 84 327 24703 34573 267 26896
74 27141 83 327 24591 34416 267 26774
74 26814 82 327 24479 34259 267 26652
74 26487 81 327 24366 34103 266 26530
74 26160 80 327 24254 33946 267 26408
74 25833 79 327 24142 33789 267 26286
74 25506 78 327 24030 33632 267 26164
74 25179 77 327 23918 33475 267 26042
74 24852 76 327 23806 33319 266 25920
74 24525 75 327 23694 33162 267 25798
74 24198 74 327 23582 33005 267 25676
74 23871 73 327 23470 32848 267 25554
74 23544 72 327 23358 32691 267 25432
74 23217 71 327 23246 32535 266 25310
74 22890 70 327 23134 32378 267 25188
74 22563 69 327 23022 32221 267 25066
74 22236 68 327 22910 32064 267 24944
74 21909 67 327 22798 31907 267 24822
74 21582 66 327 22686 31750 267 24700
74 21255 65 327 22574 31594 266 24579
74 20928 64 327 22462 31437 267 24456
74 20601 63 327 22350 31280 267 24334
74 20274 62 327 22238 31123 267 24212
74 19947 61 327 22126 30966 267 24090
74 19620 60 327 22014 30810 266 23969
74 19293 58 327 21902 30653 267 23847
74 18966 58 327 21790 30496 267 23725
74 18639 57 327 21678 30339 267 23602
74 18312 56 327 21566 30182 267 23480
74 17985 55 327 21454 30026 266 23359
74 17658 54 327 21341 29869 267 23237
74 17331 52 327 21229 29712 267 23115
74 17004 52 327 21117 29555 267 22993
74 16677 51 327 21005 29398 267 22871
74 16350 50 327 20893 29242 266 22749
74 16023 49 327 20781 29085 267 22627
74 15696 48 327 20669 28928 267 22505
74 15369 47 327 20557 28771 267 22383
74 15042 46 327 20445 28614 267 22261
74 14715 45 327 20333 28458 266 22139
74 14388 44 327 20221 28301 267 22017
74 14061 43 327 20109 28144 267 21895
74 13734 42 327 19997 27987 267 21773
74 13407 41 327 19885 27830 267 21651
74 13080 40 327 19773 27674 266 21529
74 12753 39 327 19661 27517 267 21407
74 12426 38 327 19549 27360 267 21285
74 12099 37 327 19437 27203 267 21163
74 11772 36 327 19325 27046 267 21041
74 11445 35 327 19213 26890 266 20919
74 11118 34 327 19101 26733 267 20797
74 10791 33 327 18989 26576 267 20675
74 10464 32 327 18877 26419 267 20553
74 10137 31 327 18765 26262 267 20431
74 9810 30 327 18653 26106 266 20309
74 9483 29 327 18541 25949 267 20187
74 9156 28 327 18429 25792 267 20065
74 8829 27 327 18316 25635 267 19943
74 8502 26 327 18204 25478 267 19821
74 8175 25 327 18092 25322 266 19699
74 7848 24 327 17980 25165 267 19577
74 7521 23 327 17868 25008 267 19455
74 7194 22 327 17756 24851 267 19333
74 6867 21 327 17644 24694 267 19211
74 6540 20 327 17532 24538 266 19089
74 6213 19 327 17420 24381 267 18967
74 5886 18 327 17308 24224 267 18845
74 5559 17 327 17196 24067 267 18723
74 5232 16 327 17084 23910 267 18601
74 4905 15 327 16972 23754 266 18479
74 4578 14 327 16860 23597 267 18357
74 4251 13 327 16748 23440 267 18235
74 3924 12 327 16636 23283 267 18113
74 3597 11 327 16524 23126 267 17991
74 3270 10 327 16412 22970 266 17869
74 2943 9 327 16300 22813 267 17747
74 2616 8 327 16188 22656 267 17625
74 2289 7 327 16076 22499 267 17503
74 1962 6 327 15964 22342 267 17381
74 1635 5 327 15852 22186 266 17259
74 1308 4 327 15740 22029 267 17137
74 981 3 327 15628 21872 267 17015
74 654 2 327 15516 21715 267 16893
74 327 1 327 15404 21558 267 16771
75 32700 100 327 26618 37409 2628 29013
75 32373 99 327 26504 37249 270 28890
75 32046 98 327 26391 37090 269 28766
75 31719 97 327 26278 36931 269 28643
75 31392 96 327 26164 36771 270 28519
75 31065 95 327 26051 36612 269 28395
75 30738 94 327 25937 36452 270 28271
75 30411 93 327 25824 36293 269 28148
75 30084 92 327 25710 36134 269 28024
75 29757 91 327 25597 35974 270 27901
75 29430 90 327 25484 35815 269 27777
75 29103 89 327 25370 35655 270 27653
75 28776 88 327 25257 35496 269 27530
75 28449 87 327 25143 35336 270 27406
75 28122 86 327 25030 35177 269 27282
75 27795 85 327 24916 35018 269 27159
75 27468 84 327 24803 34858 270 27035
75 27141 83 327 24690 34699 269 26912
75 26814 82 327 24576 34539 270 26788
75 26487 81 327 24463 34380 269 26664
75 26160 80 327 24349 34221 269 26541
75 25833 79 327 24236 34061 270 26417
75 25506 78 327 24122 33902 269 26293
75 25179 77 327 24009 33742 270 26170
75 24852 76 327 23896 33583 269 26046
75 24525 75 327 23782 33423 270 25922
75 24198 74 327 23669 33264 269 25799
75 23871 73 327 23555 33105 269 25675
75 23544 72 327 23442 32945 270 25552
75 23217 71 327 23328 32786 269 25428
75 22890 70 327 23215 32626 270 25304
75 22563 69 327 23102 32467 269 25181
75 22236 68 327 22988 32308 269 25057
75 21909 67 327 22875 32148 270 24933
75 21582 66 327 22761 31989 269 24810
75 21255 65 327 22648 31829 270 24686
75 20928 64 327 22534 31670 269 24562
75 20601 63 327 22421 31511 269 24439
75 20274 62 327 22308 31351 270 24315
75 19947 61 327 22194 31192 269 24192
75 19620 60 327 22081 31032 270 24068
75 19293 58 327 21967 30873 269 23944
75 18966 58 327 21854 30713 270 23821
75 18639 57 327 21740 30554 269 23697
75 18312 56 327 21627 30395 269 23573
75 17985 55 327 21514 30235 270 23450
75 17658 54 327 21400 30076 269 23326
75 17331 52 327 21287 29916 270 23202
75 17004 52 327 21173 29757 269 23079
75 16677 51 327 21060 29598 269 22955
75 16350 50 327 20946 29438 270 22832
75 16023 49 327 20833 29279 269 22708
75 15696 48 327 20720 29119 270 22584
75 15369 47 327 20606 28960 269 22461
75 15042 46 327 20493 28801 269 22337
75 14715 45 327 20379 28641 270 22213
75 14388 44 327 20266 28482 269 22090
75 14061 43 327 20152 28322 270 21966
75 13734 42 327 20039 28163 269 21843
75 13407 41 327 19926 28003 270 21719
75 13080 40 327 19812 27844 269 21595
75 12753 39 327 19699 27685 269 21472
75 12426 38 327 19585 27525 270 21348
75 12099 37 327 19472 27366 269 21224
75 11772 36 327 19358 27206 270 21101
75 11445 35 327 19245 27047 269 20977
75 11118 34 327 19132 26888 269 20854
75 10791 33 327 19018 26728 270 20730
75 10464 32 327 18905 26569 269 20606
75 10137 31 327 18791 26409 270 20482
75 9810 30 327 18678 26250 269 20359
75 9484 29 327 18565 26091 269 20236
75 9156 28 327 18451 25931 270 20112
75 8829 27 327 18338 25772 269 19988
75 8502 26 327 18224 25612 270 19864
75 8175 25 327 18111 25453 269 19741
75 7848 24 327 17997 25293 270 19617
75 7521 23 327 17884 25134 269 19493
75 7194 22 327 17770 24975 269 19370
75 6867 21 327 17657 24815 270 19246
75 6540 20 327 17544 24656 269 19123
75 6213 19 327 17430 24496 270 18999
75 5886 18 327 17317 24337 269 18875
75 5559 17 327 17203 24178 269 18752
75 5232 16 327 17090 24018 270 18628
75 4905 15 327 16976 23859 269 18504
75 4578 14 327 16863 23699 270 18381
75 4251 13 327 16750 23540 269 18257
75 3924 12 327 16636 23381 269 18134
75 3597 11 327 16523 23221 270 18010
75 3270 10 327 16409 23062 269 17886
75 2943 9 327 16296 22902 270 17762
75 2616 8 327 16182 22743 269 17639
75 2289 7 327 16069 22583 270 17515
75 1962 6 327 15956 22424 269 17392
75 1635 5 327 15842 22265 269 17268
75 1308 4 327 15729 22105 270 17144
75 981 3 327 15615 21946 269 17021
75 654 2 327 15502 21786 270 16897
75 327 1 327 15388 21627 269 16773
