73 32700 100 327 13262 18484 2845 14424
73 32373 99 327 13207 18407 2834 14364
73 32046 98 327 13151 18329 2822 14303
73 31720 97 327 13096 18248 2815 14242
73 31392 96 327 13041 18175 2800 14183
73 31065 95 327 12985 18098 2788 14123
73 30738 94 327 12930 18021 2777 14063
73 30411 93 327 12875 17944 2766 14002
73 30084 92 327 12819 17867 2753 13942
73 29757 91 327 12764 17790 2742 13882
73 29430 90 327 12709 17713 2731 13822
73 29103 89 327 12653 17636 2718 13762
73 28776 88 327 12598 17558 2708 13702
73 28449 87 327 12543 17481 2697 13641
73 28123 86 327 12488 17404 2685 13581
73 27795 85 327 12432 17327 2674 13521
73 27468 84 327 12377 17250 2663 13461
73 27141 83 327 12321 17173 2650 13401
73 26814 82 327 12266 17096 2639 13341
73 26487 81 327 12211 17019 2628 13281
73 26160 80 327 12155 16942 2616 13220
73 25833 79 327 12100 16865 2605 13160
73 25507 78 327 12045 16788 2594 13100
73 25179 77 327 11990 16710 2584 13040
73 24852 76 327 11934 16633 2571 12980
73 24525 75 327 11879 16556 2560 12919
73 24198 74 327 11824 16479 2549 12859
73 23871 73 327 11768 16402 2536 12799
73 23544 72 327 11713 16325 2525 12739
73 23217 71 327 11658 16248 2514 12679
73 22890 70 327 11602 16171 2502 12619
73 22563 69 327 11547 16093 2492 12558
73 22236 68 327 11492 16016 2481 12498
73 21909 67 327 11436 15939 2468 12438
73 21582 66 327 11381 15862 2457 12378
73 21255 65 327 11326 15785 2446 12318
73 20928 64 327 11270 15708 2434 12258
73 20601 63 327 11215 15631 2423 12197
73 20274 62 327 11160 15554 2412 12137
73 19947 61 327 11104 15477 2399 12077
73 19621 60 327 11049 15400 2388 12017
73 19293 58 327 10994 15322 2378 11957
73 18966 58 327 10938 15245 2365 11897
73 18639 57 327 10883 15168 2354 11836
73 18312 56 327 10828 15091 2343 11776
73 17985 55 327 10772 15014 2331 11716
73 17658 54 327 10717 14937 2320 11656
73 17331 52 327 10662 14860 2309 11596
73 17004 52 327 10606 14783 2296 11536
73 16677 51 327 10551 14706 2285 11476
73 16350 50 327 10496 14629 2274 11415
73 16023 49 327 10441 14551 2264 11355
73 15696 48 327 10385 14474 2252 11295
73 15369 47 327 10330 14397 2241 11235
73 15042 46 327 10275 14320 2230 11175
73 14715 45 327 10219 14243 2217 11114
73 14388 44 327 10164 14166 2206 11054
73 14061 43 327 10109 14089 2195 10994
73 13734 42 327 10053 14012 2182 10934
73 13407 41 327 9998 13935 2171 10874
73 13080 40 327 9943 13857 2161 10813
73 12753 39 327 9887 13780 2149 10753
73 12426 38 327 9832 13704 2137 10694
73 12099 37 327 9777 13626 2127 10633
73 11772 36 327 9721 13549 2114 10573
73 11445 35 327 9666 13472 2103 10513
73 11118 34 327 9611 13395 2092 10453
73 10791 33 327 9555 13318 2080 10393
73 10464 32 327 9500 13241 2069 10332
73 10137 31 327 9445 13164 2058 10272
73 9810 30 327 9389 13086 2046 10212
73 9483 29 327 9334 13009 2035 10152
73 9156 28 327 9279 12932 2024 10092
73 8829 27 327 9223 12855 2011 10031
73 8502 26 327 9168 12778 2000 9971
73 8175 25 327 9113 12701 1989 9911
73 7848 24 327 9057 12624 1977 9851
73 7521 23 327 9002 12547 1966 9791
73 7194 22 327 8947 12470 1955 9731
73 6867 21 327 8892 12393 1944 9671
73 6540 20 327 8836 12315 1932 9610
73 6213 19 327 8781 12238 1921 9550
73 5886 18 327 8726 12161 1910 9490
73 5559 17 327 8670 12084 1898 9430
73 5232 16 327 8615 12007 1887 9370
73 4905 15 327 8560 11930 1876 9309
73 4578 14 327 8504 11853 1863 9249
73 4251 13 327 8449 11776 1852 9189
73 3924 12 327 8394 11699 1841 9129
73 3597 11 327 8338 11621 1829 9069
73 3270 10 327 8283 11544 1818 9008
73 2943 9 327 8228 11467 1807 8948
73 2616 8 327 8172 11390 1795 8888
73 2289 7 327 8117 11313 1784 8828
73 1962 6 327 8062 11236 1773 8768
73 1635 5 327 8006 11159 1760 8708
73 1308 4 327 7951 11082 1749 8648
73 981 3 327 7896 11005 1738 8588
73 654 2 327 7840 10928 1726 8527
73 327 1 327 7785 10850 1716 8467
74 32700 100 327 13323 18647 2779 14506
74 32373 99 327 13267 18568 2769 14445
74 32046 98 327 13211 18490 2757 14384
74 31719 97 327 13155 18412 2746 14324
74 31392 96 327 13099 18333 2735 14262
74 31065 95 327 13043 18255 2723 14201
74 30738 94 327 12987 18176 2713 14140
74 30411 93 327 12931 18098 2701 14079
74 30084 92 327 12875 18020 2690 14019
74 29757 91 327 12819 17941 2679 13957
74 29430 90 327 12763 17863 2667 13897
74 29103 89 327 12707 17784 2657 13835
74 28776 88 327 12651 17706 2645 13774
74 28449 87 327 12595 17628 2634 13714
74 28122 86 327 12539 17549 2623 13652
74 27795 85 327 12483 17471 2611 13592
74 27468 84 327 12427 17392 2601 13530
74 27141 83 327 12371 17314 2589 13470
74 26814 82 327 12315 17236 2578 13409
74 26487 81 327 12259 17157 2567 13347
74 26160 80 327 12203 17079 2555 13287
74 25833 79 327 12147 17000 2545 13225
74 25506 78 327 12091 16922 2533 13165
74 25179 77 327 12035 16844 2522 13104
74 24852 76 327 11979 16765 2511 13043
74 24526 75 327 11923 16687 2499 12982
74 24198 74 327 11867 16608 2489 12920
74 23871 73 327 11811 16530 2477 12860
74 23544 72 327 11755 16452 2466 12799
74 23217 71 327 11699 16373 2455 12738
74 22890 70 327 11643 16295 2443 12677
74 22563 69 327 11587 16216 2433 12616
74 22236 68 327 11531 16138 2421 12555
74 21909 67 327 11475 16060 2410 12494
74 21582 66 327 11419 15981 2399 12433
74 21255 65 327 11363 15903 2387 12372
74 20929 64 327 11307 15825 2376 12311
74 20601 63 327 11251 15746 2365 12250
74 20274 62 327 11195 15668 2354 12189
74 19947 61 327 11139 15589 2343 12128
74 19621 60 327 11083 15511 2331 12067
74 19293 58 327 11027 15432 2321 12006
74 18966 58 327 10971 15354 2309 11945
74 18639 57 327 10914 15276 2296 11884
74 18312 56 327 10858 15197 2285 11823
74 17985 55 327 10802 15119 2274 11762
74 17658 54 327 10746 15040 2263 11701
74 17331 52 327 10690 14962 2252 11640
74 17004 52 327 10634 14884 2240 11579
74 16677 51 327 10578 14805 2229 11518
74 16350 50 327 10522 14727 2218 11457
74 16023 49 327 10466 14648 2207 11396
74 15696 48 327 10410 14570 2196 11335
74 15369 47 327 10354 14492 2184 11274
74 15042 46 327 10298 14413 2173 11213
74 14715 45 327 10242 14335 2162 11152
74 14389 44 327 10186 14256 2151 11091
74 14061 43 327 10130 14178 2140 11030
74 13735 42 327 10074 14100 2128 10969
74 13407 41 327 10018 14021 2117 10908
74 13080 40 327 9962 13943 2106 10847
74 12753 39 327 9906 13864 2095 10786
74 12426 38 327 9850 13786 2084 10725
74 12099 37 327 9794 13708 2072 10664
74 11772 36 327 9738 13629 2061 10603
74 11445 35 327 9682 13551 2050 10542
74 11118 34 327 9626 13472 2039 10481
74 10791 33 327 9570 13394 2028 10420
74 10465 32 327 9514 13316 2016 10359
74 10137 31 327 9458 13237 2005 10298
74 9810 30 327 9402 13159 1994 10237
74 9483 29 327 9346 13080 1983 10176
74 9156 28 327 9290 13002 1972 10115
74 8829 27 327 9234 12924 1960 10054
74 8502 26 327 9178 12845 1949 9993
74 8175 25 327 9122 12767 1938 9932
74 7848 24 327 9066 12688 1927 9871
74 7521 23 327 9010 12610 1916 9810
74 7194 22 327 8954 12532 1904 9749
74 6867 21 327 8898 12453 1893 9688
74 6540 20 327 8842 12375 1882 9627
74 6213 19 327 8786 12296 1871 9566
74 5886 18 327 8730 12218 1860 9505
74 5559 17 327 8674 12140 1848 9444
74 5232 16 327 8618 12061 1837 9383
74 4905 15 327 8562 11983 1826 9322
74 4578 14 327 8506 11904 1815 9261
74 4251 13 327 8450 11826 1804 9200
74 3924 12 327 8394 11748 1792 9139
74 3597 11 327 8338 11669 1781 9078
74 3270 10 327 8282 11591 1770 9017
74 2943 9 327 8226 11512 1759 8956
74 2616 8 327 8170 11434 1748 8895
74 2289 7 327 8114 11356 1736 8834
74 1962 6 327 8058 11277 1725 8773
74 1635 5 327 8002 11199 1714 8712
74 1308 4 327 7946 11120 1703 8651
74 981 3 327 7890 11042 1692 8590
74 654 2 327 7833 10963 1679 8529
74 327 1 327 7777 10885 1668 8468
75 32700 100 327 13385 18811 2715 14589
75 32373 99 327 13328 18731 2703 14527
75 32046 98 327 13271 18651 2692 14465
75 31719 97 327 13214 18572 2680 14404
75 31392 96 327 13158 18492 2670 14342
75 31065 95 327 13101 18412 2659 14280
75 30738 94 327 13044 18332 2648 14218
75 30411 93 327 12988 18253 2637 14156
75 30084 92 327 12931 18173 2626 14095
75 29757 91 327 12874 18093 2615 14033
75 29430 90 327 12817 18014 2603 13971
75 29103 89 327 12761 17934 2593 13909
75 28776 88 327 12704 17854 2582 13847
75 28450 87 327 12647 17774 2571 13785
75 28122 86 327 12591 17695 2560 13724
75 27795 85 327 12534 17615 2549 13662
75 27468 84 327 12477 17535 2538 13600
75 27141 83 327 12420 17456 2526 13538
75 26815 82 327 12364 17376 2516 13477
75 26487 81 327 12307 17296 2505 13415
75 26160 80 327 12250 17217 2493 13353
75 25833 79 327 12194 17137 2483 13291
75 25506 78 327 12137 17057 2472 13229
75 25179 77 327 12080 16977 2461 13167
75 24852 76 327 12023 16898 2448 13106
75 24525 75 327 11967 16818 2439 13044
75 24198 74 327 11910 16738 2428 12982
75 23871 73 327 11853 16659 2415 12920
75 23544 72 327 11797 16579 2406 12858
75 23218 71 327 11740 16499 2395 12796
75 22890 70 327 11683 16419 2383 12734
75 22563 69 327 11626 16340 2371 12673
75 22236 68 327 11570 16260 2362 12611
75 21909 67 327 11513 16180 2350 12549
75 21582 66 327 11456 16101 2338 12487
75 21255 65 327 11400 16021 2329 12425
75 20928 64 327 11343 15941 2317 12364
75 20601 63 327 11286 15862 2305 12302
75 20274 62 327 11229 15782 2294 12240
75 19947 61 327 11173 15702 2284 12178
75 19620 60 327 11116 15622 2273 12116
75 19293 58 327 11059 15543 2261 12055
75 18966 58 327 11003 15463 2251 11993
75 18639 57 327 10946 15383 2240 11931
75 18312 56 327 10889 15304 2228 11869
75 17985 55 327 10832 15224 2217 11807
75 17658 54 327 10776 15144 2207 11745
75 17331 52 327 10719 15064 2196 11684
75 17005 52 327 10662 14985 2184 11622
75 16677 51 327 10606 14905 2174 11560
75 16350 50 327 10549 14825 2163 11498
75 16023 49 327 10492 14746 2151 11436
75 15696 48 327 10435 14666 2140 11375
75 15369 47 327 10379 14586 2130 11313
75 15042 46 327 10322 14507 2118 11251
75 14715 45 327 10265 14427 2107 11189
75 14388 44 327 10209 14347 2097 11127
75 14061 43 327 10152 14267 2086 11065
75 13734 42 327 10095 14188 2074 11004
75 13407 41 327 10038 14108 2062 10942
75 13080 40 327 9982 14028 2053 10880
75 12753 39 327 9925 13949 2041 10818
75 12426 38 327 9868 13869 2029 10756
75 12099 37 327 9812 13789 2020 10695
75 11772 36 327 9755 13709 2009 10633
75 11445 35 327 9698 13630 1996 10571
75 11118 34 327 9641 13550 1985 10509
75 10791 33 327 9585 13470 1976 10447
75 10464 32 327 9528 13391 1963 10386
75 10137 31 327 9471 13311 1952 10324
75 9810 30 327 9415 13231 1943 10262
75 9483 29 327 9358 13152 1930 10200
75 9156 28 327 9301 13072 1919 10138
75 8829 27 327 9244 12992 1908 10076
75 8502 26 327 9188 12912 1898 10014
75 8175 25 327 9131 12833 1886 9953
75 7848 24 327 9074 12753 1875 9891
75 7521 23 327 9018 12673 1865 9829
75 7194 22 327 8961 12594 1853 9767
75 6867 21 327 8904 12514 1842 9706
75 6540 20 327 8847 12434 1831 9644
75 6213 19 327 8791 12354 1821 9582
75 5886 18 327 8734 12275 1809 9520
75 5559 17 327 8677 12195 1798 9458
75 5232 16 327 8621 12115 1788 9396
75 4905 15 327 8564 12036 1776 9335
75 4578 14 327 8507 11956 1765 9273
75 4251 13 327 8450 11876 1754 9211
75 3924 12 327 8394 11797 1743 9149
75 3597 11 327 8337 11717 1732 9087
75 3270 10 327 8280 11637 1721 9025
75 2943 9 327 8224 11557 1711 8964
75 2616 8 327 8167 11478 1699 8902
75 2289 7 327 8110 11398 1688 8840
75 1962 6 327 8053 11318 1676 8778
75 1635 5 327 7997 11239 1666 8717
75 1308 4 327 7940 11159 1655 8655
75 981 3 327 7883 11079 1643 8593
75 654 2 327 7827 10999 1634 8531
75 327 1 327 7770 10920 1622 8469
76 32700 100 327 13446 18975 2648 14672
76 32373 99 327 13388 18894 2636 14609
76 32046 98 327 13331 18813 2626 14547
76 31719 97 327 13273 18732 2614 14484
76 31392 96 327 13216 18651 2604 14421
76 31065 95 327 13159 18570 2594 14359
76 30738 94 327 13101 18489 2582 14296
76 30411 93 327 13044 18408 2572 14233
76 30084 92 327 12986 18327 2560 14171
76 29757 91 327 12929 18246 2550 14108
76 29430 90 327 12872 18165 2540 14045
76 29103 89 327 12814 18084 2528 13983
76 28776 88 327 12757 18003 2518 13920
76 28449 87 327 12699 17922 2506 13857
76 28122 86 327 12642 17841 2496 13795
76 27795 85 327 12584 17760 2484 13732
76 27468 84 327 12527 17679 2474 13670
76 27141 83 327 12470 17598 2464 13607
76 26814 82 327 12412 17517 2452 13544
76 26487 81 327 12355 17436 2442 13482
76 26160 80 327 12297 17355 2430 13419
76 25833 79 327 12240 17274 2420 13356
76 25506 78 327 12183 17193 2409 13294
76 25179 77 327 12125 17112 2398 13231
76 24852 76 327 12068 17031 2387 13168
76 24525 75 327 12010 16950 2376 13106
76 24198 74 327 11953 16869 2365 13043
76 23871 73 327 11896 16788 2355 12981
76 23544 72 327 11838 16707 2343 12918
76 23217 71 327 11781 16626 2333 12855
76 22890 70 327 11723 16545 2321 12793
76 22563 69 327 11666 16464 2311 12730
76 22236 68 327 11609 16383 2301 12667
76 21909 67 327 11551 16302 2289 12605
76 21582 66 327 11494 16221 2279 12542
76 21255 65 327 11436 16140 2267 12479
76 20928 64 327 11379 16059 2257 12417
76 20601 63 327 11321 15978 2245 12354
76 20274 62 327 11264 15896 2236 12291
76 19947 61 327 11207 15815 2226 12229
76 19620 60 327 11149 15734 2214 12166
76 19293 58 327 11092 15653 2204 12103
76 18966 58 327 11034 15572 2192 12041
76 18639 57 327 10977 15491 2182 11978
76 18312 56 327 10920 15410 2172 11915
76 17985 55 327 10862 15329 2160 11853
76 17658 54 327 10805 15248 2150 11790
76 17331 52 327 10747 15167 2138 11727
76 17004 52 327 10690 15086 2128 11665
76 16677 51 327 10633 15005 2117 11602
76 16350 50 327 10575 14924 2106 11540
76 16023 49 327 10518 14843 2095 11477
76 15696 48 327 10460 14762 2084 11414
76 15369 47 327 10403 14681 2073 11352
76 15042 46 327 10346 14600 2063 11289
76 14715 45 327 10288 14519 2051 11226
76 14388 44 327 10231 14438 2041 11164
76 14061 43 327 10173 14357 2029 11101
76 13734 42 327 10116 14276 2019 11038
76 13407 41 327 10059 14195 2009 10976
76 13080 40 327 10001 14114 1997 10913
76 12753 39 327 9944 14033 1987 10851
76 12426 38 327 9886 13952 1975 10788
76 12099 37 327 9829 13871 1965 10725
76 11773 36 327 9772 13790 1953 10663
76 11445 35 327 9714 13709 1943 10600
76 11118 34 327 9657 13628 1933 10537
76 10791 33 327 9599 13547 1921 10475
76 10464 32 327 9542 13466 1911 10412
76 10137 31 327 9484 13385 1899 10349
76 9810 30 327 9427 13304 1889 10287
76 9483 29 327 9370 13223 1879 10224
76 9156 28 327 9312 13142 1867 10162
76 8829 27 327 9255 13061 1857 10099
76 8502 26 327 9197 12980 1845 10036
76 8175 25 327 9140 12899 1835 9974
76 7848 24 327 9083 12818 1824 9911
76 7521 23 327 9025 12737 1813 9848
76 7194 22 327 8968 12656 1802 9786
76 6867 21 327 8910 12575 1791 9723
76 6540 20 327 8853 12494 1780 9660
76 6213 19 327 8796 12413 1770 9598
76 5886 18 327 8738 12332 1758 9535
76 5559 17 327 8681 12251 1748 9472
76 5232 16 327 8623 12170 1736 9410
76 4905 15 327 8566 12089 1726 9347
76 4578 14 327 8508 12008 1714 9285
76 4251 13 327 8451 11927 1704 9222
76 3924 12 327 8394 11846 1694 9159
76 3597 11 327 8336 11765 1682 9097
76 3270 10 327 8279 11684 1672 9034
76 2943 9 327 8221 11603 1660 8971
76 2616 8 327 8164 11522 1650 8909
76 2289 7 327 8107 11441 1640 8846
76 1962 6 327 8049 11360 1628 8783
76 1635 5 327 7992 11279 1618 8721
76 1308 4 327 7934 11197 1607 8658
76 981 3 327 7877 11116 1597 8595
76 654 2 327 7820 11035 1587 8533
76 327 1 327 7762 10954 1575 8470
77 32700 100 327 13506 19140 2579 14754
77 32373 99 327 13448 19058 2568 14691
77 32046 98 327 13390 18976 2558 14628
77 31719 97 327 13332 18893 2548 14564
77 31392 96 327 13274 18811 2537 14501
77 31065 95 327 13216 18729 2526 14437
77 30738 94 327 13158 18646 2516 14374
77 30411 93 327 13100 18564 2506 14310
77 30084 92 327 13042 18482 2495 14247
77 29757 91 327 12984 18399 2485 14183
77 29430 90 327 12925 18317 2473 14120
77 29103 89 327 12867 18235 2462 14056
77 28776 88 327 12809 18152 2452 13993
77 28449 87 327 12751 18070 2441 13929
77 28122 86 327 12693 17988 2430 13866
77 27795 85 327 12635 17905 2421 13802
77 27468 84 327 12577 17823 2410 13739
77 27141 83 327 12519 17741 2399 13676
77 26814 82 327 12461 17658 2389 13612
77 26487 81 327 12403 17576 2378 13549
77 26160 80 327 12344 17494 2366 13485
77 25833 79 327 12286 17411 2356 13422
77 25506 78 327 12228 17329 2345 13358
77 25179 77 327 12170 17247 2335 13295
77 24852 76 327 12112 17164 2325 13231
77 24525 75 327 12054 17082 2314 13168
77 24198 74 327 11996 17000 2303 13104
77 23871 73 327 11938 16917 2293 13041
77 23544 72 327 11880 16835 2283 12977
77 23217 71 327 11822 16753 2272 12914
77 22890 70 327 11763 16670 2260 12850
77 22563 69 327 11705 16588 2250 12787
77 22236 68 327 11647 16506 2239 12724
77 21909 67 327 11589 16423 2229 12660
77 21582 66 327 11531 16341 2218 12597
77 21255 65 327 11473 16259 2207 12533
77 20928 64 327 11415 16176 2198 12470
77 20601 63 327 11357 16094 2187 12406
77 20274 62 327 11299 16012 2176 12343
77 19947 61 327 11241 15929 2166 12279
77 19620 60 327 11182 15847 2154 12216
77 19293 58 327 11124 15765 2143 12152
77 18966 58 327 11066 15682 2133 12089
77 18639 57 327 11008 15600 2122 12025
77 18312 56 327 10950 15518 2112 11962
77 17985 55 327 10892 15435 2102 11898
77 17658 54 327 10834 15353 2091 11835
77 17331 52 327 10776 15271 2080 11772
77 17004 52 327 10718 15188 2070 11708
77 16677 51 327 10660 15106 2060 11645
77 16350 50 327 10601 15024 2047 11581
77 16023 49 327 10543 14941 2037 11518
77 15696 48 327 10485 14859 2027 11454
77 15369 47 327 10427 14777 2016 11391
77 15042 46 327 10369 14694 2006 11327
77 14715 45 327 10311 14612 1995 11264
77 14388 44 327 10253 14530 1984 11200
77 14061 43 327 10195 14447 1975 11137
77 13734 42 327 10137 14365 1964 11073
77 13407 41 327 10079 14283 1953 11010
77 13080 40 327 10020 14200 1942 10946
77 12753 39 327 9962 14118 1931 10883
77 12426 38 327 9904 14036 1920 10820
77 12099 37 327 9846 13953 1910 10756
77 11772 36 327 9788 13871 1899 10693
77 11445 35 327 9730 13788 1890 10629
77 11118 34 327 9672 13706 1879 10565
77 10791 33 327 9614 13624 1868 10502
77 10464 32 327 9556 13541 1858 10438
77 10137 31 327 9498 13459 1847 10375
77 9810 30 327 9439 13377 1835 10312
77 9483 29 327 9381 13294 1825 10248
77 9157 28 327 9323 13212 1814 10185
77 8829 27 327 9265 13130 1804 10121
77 8502 26 327 9207 13047 1794 10058
77 8176 25 327 9149 12965 1783 9994
77 7848 24 327 9091 12883 1772 9931
77 7521 23 327 9033 12800 1762 9867
77 7194 22 327 8975 12718 1752 9804
77 6867 21 327 8917 12636 1741 9740
77 6540 20 327 8858 12553 1729 9677
77 6213 19 327 8800 12471 1719 9613
77 5886 18 327 8742 12389 1708 9550
77 5559 17 327 8684 12306 1698 9486
77 5232 16 327 8626 12224 1687 9423
77 4905 15 327 8568 12142 1676 9360
77 4578 14 327 8510 12059 1667 9296
77 4251 13 327 8452 11977 1656 9233
77 3924 12 327 8394 11895 1645 9169
77 3597 11 327 8336 11812 1635 9106
77 3270 10 327 8277 11730 1623 9042
77 2943 9 327 8219 11648 1612 8979
77 2616 8 327 8161 11565 1602 8915
77 2290 7 327 8103 11483 1591 8852
77 1962 6 327 8045 11401 1581 8788
77 1635 5 327 7987 11318 1571 8725
77 1308 4 327 7929 11236 1560 8661
77 981 3 327 7871 11154 1549 8598
77 654 2 327 7813 11071 1539 8534
77 327 1 327 7755 10989 1529 8471
78 32700 100 327 13567 19306 2511 14837
78 32373 99 327 13508 19222 2500 14773
78 32046 98 327 13450 19139 2491 14709
78 31719 97 327 13391 19055 2480 14644
78 31392 96 327 13332 18971 2470 14580
78 31065 95 327 13273 18888 2458 14516
78 30738 94 327 13214 18804 2448 14451
78 30411 93 327 13156 18720 2439 14387
78 30084 92 327 13097 18637 2428 14323
78 29757 91 327 13038 18553 2417 14258
78 29431 90 327 12979 18470 2406 14194
78 29103 89 327 12921 18386 2397 14130
78 28776 88 327 12862 18302 2387 14066
78 28449 87 327 12803 18219 2375 14001
78 28122 86 327 12744 18135 2365 13937
78 27795 85 327 12685 18051 2355 13873
78 27468 84 327 12627 17968 2345 13809
78 27141 83 327 12568 17884 2334 13744
78 26814 82 327 12509 17800 2324 13680
78 26487 81 327 12450 17717 2313 13616
78 26160 80 327 12391 17633 2302 13551
78 25833 79 327 12333 17549 2293 13487
78 25506 78 327 12274 17466 2282 13423
78 25179 77 327 12215 17382 2272 13358
78 24852 76 327 12156 17298 2261 13294
78 24525 75 327 12097 17215 2250 13230
78 24199 74 327 12039 17131 2241 13166
78 23871 73 327 11980 17047 2231 13101
78 23544 72 327 11921 16964 2219 13037
78 23217 71 327 11862 16880 2209 12973
78 22890 70 327 11803 16796 2198 12908
78 22563 69 327 11745 16713 2189 12844
78 22236 68 327 11686 16629 2178 12780
78 21909 67 327 11627 16545 2168 12715
78 21582 66 327 11568 16462 2156 12651
78 21255 65 327 11510 16378 2148 12587
78 20929 64 327 11451 16295 2136 12523
78 20601 63 327 11392 16211 2126 12458
78 20274 62 327 11333 16127 2115 12394
78 19947 61 327 11274 16043 2105 12330
78 19620 60 327 11216 15960 2095 12265
78 19293 58 327 11157 15876 2085 12201
78 18966 58 327 11098 15792 2074 12137
78 18639 57 327 11039 15709 2063 12073
78 18312 56 327 10980 15625 2053 12008
78 17985 55 327 10922 15541 2044 11944
78 17658 54 327 10863 15458 2032 11880
78 17331 52 327 10804 15374 2022 11815
78 17004 52 327 10745 15290 2012 11751
78 16678 51 327 10687 15207 2000 11687
78 16350 50 327 10628 15123 1991 11622
78 16023 49 327 10569 15039 1981 11558
78 15696 48 327 10510 14956 1970 11494
78 15369 47 327 10451 14872 1959 11429
78 15042 46 327 10392 14788 1949 11365
78 14715 45 327 10334 14705 1939 11301
78 14388 44 327 10275 14621 1929 11237
78 14061 43 327 10216 14537 1918 11172
78 13734 42 327 10157 14454 1907 11108
78 13407 41 327 10099 14370 1898 11044
78 13080 40 327 10040 14286 1888 10979
78 12753 39 327 9981 14203 1876 10915
78 12426 38 327 9922 14119 1866 10851
78 12099 37 327 9863 14036 1854 10787
78 11772 36 327 9805 13952 1846 10722
78 11445 35 327 9746 13868 1835 10658
78 11118 34 327 9687 13785 1824 10594
78 10791 33 327 9628 13701 1813 10529
78 10464 32 327 9569 13617 1803 10465
78 10137 31 327 9511 13534 1793 10401
78 9810 30 327 9452 13450 1783 10337
78 9483 29 327 9393 13366 1772 10272
78 9156 28 327 9334 13283 1761 10208
78 8829 27 327 9275 13199 1751 10144
78 8502 26 327 9217 13115 1742 10079
78 8175 25 327 9158 13032 1730 10015
78 7848 24 327 9099 12948 1720 9951
78 7521 23 327 9040 12864 1710 9886
78 7194 22 327 8982 12781 1700 9822
78 6867 21 327 8923 12697 1689 9758
78 6540 20 327 8864 12613 1679 9694
78 6213 19 327 8805 12530 1668 9629
78 5886 18 327 8746 12446 1657 9565
78 5559 17 327 8688 12362 1648 9501
78 5232 16 327 8629 12279 1637 9437
78 4905 15 327 8570 12195 1627 9372
78 4578 14 327 8511 12111 1616 9308
78 4251 13 327 8452 12028 1605 9244
78 3924 12 327 8394 11944 1596 9179
78 3597 11 327 8335 11860 1586 9115
78 3270 10 327 8276 11777 1574 9051
78 2943 9 327 8217 11693 1564 8986
78 2616 8 327 8158 11609 1553 8922
78 2289 7 327 8100 11526 1544 8858
78 1962 6 327 8041 11442 1533 8793
78 1635 5 327 7982 11358 1523 8729
78 1308 4 327 7923 11275 1511 8665
78 981 3 327 7864 11191 1501 8601
78 654 2 327 7806 11107 1492 8536
78 327 1 327 7747 11024 1481 8472
79 32700 100 327 13628 19473 2441 14920
79 32373 99 327 13568 19388 2430 14855
79 32046 98 327 13509 19303 2421 14790
79 31719 97 327 13449 19218 2410 14724
79 31392 96 327 13390 19133 2401 14659
79 31065 95 327 13330 19048 2390 14594
79 30738 94 327 13271 18963 2380 14529
79 30411 93 327 13211 18878 2369 14464
79 30084 92 327 13152 18793 2360 14399
79 29757 91 327 13092 18708 2349 14334
79 29430 90 327 13033 18623 2339 14269
79 29103 89 327 12974 18538 2330 14204
79 28776 88 327 12914 18453 2319 14138
79 28449 87 327 12855 18368 2310 14073
79 28122 86 327 12795 18283 2299 14008
79 27795 85 327 12736 18198 2289 13943
79 27468 84 327 12676 18113 2278 13878
79 27141 83 327 12617 18028 2269 13813
79 26814 82 327 12557 17943 2258 13748
79 26487 81 327 12498 17858 2248 13683
79 26160 80 327 12438 17773 2237 13617
79 25833 79 327 12379 17688 2228 13552
79 25506 78 327 12319 17603 2217 13487
79 25179 77 327 12260 17518 2208 13422
79 24852 76 327 12200 17433 2197 13357
79 24525 75 327 12141 17348 2187 13292
79 24198 74 327 12081 17263 2176 13227
79 23871 73 327 12022 17178 2167 13162
79 23544 72 327 11962 17093 2156 13096
79 23217 71 327 11903 17008 2146 13031
79 22890 70 327 11843 16923 2135 12966
79 22563 69 327 11784 16838 2126 12901
79 22236 68 327 11724 16753 2115 12836
79 21909 67 327 11665 16668 2106 12771
79 21582 66 327 11605 16583 2095 12706
79 21255 65 327 11546 16498 2085 12641
79 20928 64 327 11487 16413 2076 12575
79 20601 63 327 11427 16328 2065 12510
79 20274 62 327 11368 16243 2055 12445
79 19947 61 327 11308 16158 2044 12380
79 19620 60 327 11249 16073 2035 12315
79 19293 58 327 11189 15988 2024 12250
79 18966 58 327 11130 15903 2015 12185
79 18639 57 327 11070 15818 2004 12120
79 18312 56 327 11011 15733 1994 12054
79 17985 55 327 10951 15648 1983 11989
79 17658 54 327 10892 15563 1974 11924
79 17331 52 327 10832 15478 1963 11859
79 17004 52 327 10773 15393 1953 11794
79 16677 51 327 10713 15308 1942 11729
79 16350 50 327 10654 15223 1933 11664
79 16023 49 327 10594 15138 1922 11599
79 15696 48 327 10535 15053 1913 11534
79 15369 47 327 10475 14968 1902 11468
79 15042 46 327 10416 14883 1892 11403
79 14715 45 327 10356 14798 1881 11338
79 14388 44 327 10297 14713 1872 11273
79 14061 43 327 10237 14628 1861 11208
79 13734 42 327 10178 14543 1851 11143
79 13407 41 327 10118 14458 1840 11078
79 13080 40 327 10059 14373 1831 11013
79 12753 39 327 9999 14288 1820 10947
79 12426 38 327 9940 14203 1811 10882
79 12099 37 327 9881 14118 1801 10817
79 11772 36 327 9821 14033 1790 10752
79 11445 35 327 9762 13948 1781 10687
79 11118 34 327 9702 13863 1770 10622
79 10791 33 327 9643 13778 1760 10557
79 10464 32 327 9583 13693 1749 10492
79 10137 31 327 9524 13608 1740 10426
79 9810 30 327 9464 13523 1729 10361
79 9483 29 327 9405 13438 1720 10296
79 9156 28 327 9345 13353 1709 10231
79 8829 27 327 9286 13268 1699 10166
79 8502 26 327 9226 13183 1688 10101
79 8175 25 327 9167 13098 1679 10036
79 7848 24 327 9107 13013 1668 9971
79 7521 23 327 9048 12928 1658 9905
79 7194 22 327 8988 12843 1647 9840
79 6867 21 327 8929 12758 1638 9775
79 6540 20 327 8869 12673 1627 9710
79 6213 19 327 8810 12588 1618 9645
79 5886 18 327 8750 12503 1607 9580
79 5559 17 327 8691 12418 1597 9515
79 5232 16 327 8631 12333 1586 9450
79 4905 15 327 8572 12248 1577 9384
79 4578 14 327 8512 12163 1566 9319
79 4251 13 327 8453 12078 1556 9254
79 3924 12 327 8394 11993 1547 9189
79 3597 11 327 8334 11908 1536 9124
79 3270 10 327 8275 11823 1527 9059
79 2943 9 327 8215 11738 1516 8994
79 2616 8 327 8156 11653 1506 8929
79 2289 7 327 8096 11568 1495 8864
79 1962 6 327 8037 11483 1486 8798
79 1635 5 327 7977 11398 1475 8733
79 1308 4 327 7918 11313 1465 8668
79 981 3 327 7858 11228 1454 8603
79 654 2 327 7799 11143 1445 8538
79 327 1 327 7739 11058 1434 8473
80 32700 100 327 13688 19640 2370 15002
80 32373 99 327 13628 19553 2361 14936
80 32046 98 327 13568 19467 2351 14870
80 31720 97 327 13508 19381 2341 14805
80 31392 96 327 13448 19294 2332 14738
80 31065 95 327 13387 19208 2321 14673
80 30738 94 327 13327 19122 2311 14607
80 30411 93 327 13267 19035 2302 14541
80 30084 92 327 13207 18949 2292 14475
80 29757 91 327 13147 18863 2282 14409
80 29430 90 327 13087 18776 2273 14343
80 29103 89 327 13026 18690 2261 14277
80 28776 88 327 12966 18604 2251 14211
80 28449 87 327 12906 18517 2242 14145
80 28122 86 327 12846 18431 2232 14079
80 27795 85 327 12786 18345 2222 14013
80 27468 84 327 12726 18258 2213 13947
80 27141 83 327 12665 18172 2202 13881
80 26814 82 327 12605 18086 2192 13815
80 26487 81 327 12545 17999 2183 13749
80 26160 80 327 12485 17913 2173 13683
80 25833 79 327 12425 17827 2163 13618
80 25506 78 327 12365 17740 2154 13551
80 25179 77 327 12304 17654 2142 13486
80 24852 76 327 12244 17568 2132 13420
80 24525 75 327 12184 17481 2123 13354
80 24198 74 327 12124 17395 2113 13288
80 23871 73 327 12064 17309 2103 13222
80 23544 72 327 12004 17222 2094 13156
80 23217 71 327 11943 17136 2082 13090
80 22890 70 327 11883 17050 2072 13024
80 22563 69 327 11823 16963 2063 12958
80 22236 68 327 11763 16877 2053 12892
80 21909 67 327 11703 16791 2043 12826
80 21582 66 327 11643 16704 2034 12760
80 21255 65 327 11582 16618 2023 12694
80 20928 64 327 11522 16532 2013 12628
80 20601 63 327 11462 16445 2004 12562
80 20274 62 327 11402 16359 1994 12496
80 19947 61 327 11342 16273 1984 12431
80 19620 60 327 11282 16187 1974 12365
80 19293 58 327 11221 16100 1963 12299
80 18966 58 327 11161 16014 1953 12233
80 18639 57 327 11101 15928 1943 12167
80 18312 56 327 11041 15841 1934 12101
80 17985 55 327 10981 15755 1924 12035
80 17658 54 327 10920 15669 1913 11969
80 17331 52 327 10860 15582 1904 11903
80 17004 52 327 10800 15496 1894 11837
80 16678 51 327 10740 15410 1884 11771
80 16350 50 327 10680 15323 1875 11705
80 16023 49 327 10620 15237 1865 11639
80 15696 48 327 10559 15151 1855 11573
80 15369 47 327 10499 15064 1844 11507
80 15042 46 327 10439 14978 1834 11441
80 14715 45 327 10379 14892 1824 11375
80 14388 44 327 10319 14805 1815 11309
80 14061 43 327 10259 14719 1805 11243
80 13734 42 327 10198 14633 1793 11178
80 13407 41 327 10138 14546 1784 11112
80 13080 40 327 10078 14460 1774 11046
80 12753 39 327 10018 14374 1764 10980
80 12426 38 327 9958 14287 1755 10914
80 12099 37 327 9898 14201 1745 10848
80 11772 36 327 9837 14115 1734 10782
80 11445 35 327 9777 14028 1725 10716
80 11118 34 327 9717 13942 1715 10650
80 10791 33 327 9657 13856 1705 10584
80 10464 32 327 9597 13769 1696 10518
80 10137 31 327 9537 13683 1686 10452
80 9810 30 327 9476 13597 1674 10386
80 9483 29 327 9416 13510 1665 10320
80 9156 28 327 9356 13424 1655 10254
80 8829 27 327 9296 13338 1645 10188
80 8502 26 327 9236 13251 1636 10122
80 8175 25 327 9176 13165 1626 10056
80 7848 24 327 9115 13079 1615 9991
80 7521 23 327 9055 12992 1606 9924
80 7194 22 327 8995 12906 1596 9859
80 6867 21 327 8935 12820 1586 9793
80 6540 20 327 8875 12733 1577 9727
80 6213 19 327 8815 12647 1567 9661
80 5886 18 327 8754 12561 1555 9595
80 5559 17 327 8694 12474 1546 9529
80 5232 16 327 8634 12388 1536 9463
80 4905 15 327 8574 12302 1526 9397
80 4578 14 327 8514 12215 1517 9331
80 4251 13 327 8454 12129 1507 9265
80 3924 12 327 8393 12043 1495 9199
80 3597 11 327 8333 11956 1486 9133
80 3270 10 327 8273 11870 1476 9067
80 2943 9 327 8213 11784 1466 9001
80 2616 8 327 8153 11697 1457 8935
80 2289 7 327 8093 11611 1447 8869
80 1962 6 327 8032 11525 1436 8804
80 1635 5 327 7972 11438 1427 8737
80 1308 4 327 7912 11352 1417 8672
80 981 3 327 7852 11266 1407 8606
80 654 2 327 7792 11179 1398 8540
80 327 1 327 7732 11093 1388 8474
81 32700 100 327 13748 19807 2299 15085
81 32373 99 327 13688 19720 2290 15018
81 32046 98 327 13627 19632 2281 14951
81 31719 97 327 13566 19544 2271 14884
81 31392 96 327 13505 19457 2261 14818
81 31065 95 327 13444 19369 2251 14751
81 30738 94 327 13383 19281 2241 14684
81 30411 93 327 13322 19194 2232 14618
81 30084 92 327 13262 19106 2223 14551
81 29757 91 327 13201 19018 2213 14484
81 29430 90 327 13140 18931 2203 14417
81 29103 89 327 13079 18843 2193 14350
81 28776 88 327 13018 18755 2183 14284
81 28449 87 327 12957 18668 2173 14217
81 28122 86 327 12897 18580 2165 14150
81 27795 85 327 12836 18492 2155 14083
81 27468 84 327 12775 18405 2145 14017
81 27141 83 327 12714 18317 2135 13950
81 26814 82 327 12653 18229 2125 13883
81 26487 81 327 12592 18142 2115 13816
81 26160 80 327 12531 18054 2105 13749
81 25833 79 327 12471 17966 2097 13683
81 25507 78 327 12410 17879 2087 13616
81 25179 77 327 12349 17791 2077 13549
81 24852 76 327 12288 17703 2067 13482
81 24525 75 327 12227 17616 2057 13416
81 24198 74 327 12166 17528 2047 13349
81 23871 73 327 12105 17440 827 13282
81 23544 72 327 12045 17353 197 13215
81 23217 71 327 11984 17265 198 13149
81 22890 70 327 11923 17177 198 13082
81 22563 69 327 11862 17090 197 13015
81 22236 68 327 11801 17002 198 12948
81 21909 67 327 11740 16914 198 12881
81 21582 66 327 11679 16827 197 12815
81 21256 65 327 11619 16739 198 12748
81 20928 64 327 11558 16651 198 12681
81 20602 63 327 11497 16564 197 12615
81 20274 62 327 11436 16476 198 12548
81 19947 61 327 11375 16388 198 12481
81 19620 60 327 11314 16300 198 12414
81 19293 58 327 11253 16213 197 12347
81 18966 58 327 11193 16125 198 12280
81 18639 57 327 11132 16037 198 12214
81 18312 56 327 11071 15950 197 12147
81 17985 55 327 11010 15862 198 12080
81 17658 54 327 10949 15774 198 12013
81 17331 52 327 10888 15687 197 11947
81 17004 52 327 10827 15599 198 11880
81 16677 51 327 10767 15511 198 11813
81 16350 50 327 10706 15424 197 11746
81 16023 49 327 10645 15336 198 11680
81 15696 48 327 10584 15248 198 11613
81 15369 47 327 10523 15161 197 11546
81 15042 46 327 10462 15073 198 11479
81 14715 45 327 10402 14985 198 11412
81 14388 44 327 10341 14898 197 11346
81 14061 43 327 10280 14810 198 11279
81 13734 42 327 10219 14722 198 11212
81 13407 41 327 10158 14635 197 11146
81 13080 40 327 10097 14547 198 11079
81 12753 39 327 10036 14459 198 11012
81 12426 38 327 9976 14372 197 10945
81 12099 37 327 9915 14284 198 10878
81 11772 36 327 9854 14196 198 10812
81 11445 35 327 9793 14109 197 10745
81 11118 34 327 9732 14021 198 10678
81 10791 33 327 9671 13933 198 10611
81 10464 32 327 9610 13846 197 10545
81 10137 31 327 9550 13758 198 10478
81 9810 30 327 9489 13670 198 10411
81 9483 29 327 9428 13583 197 10344
81 9156 28 327 9367 13495 198 10277
81 8829 27 327 9306 13407 198 10211
81 8502 26 327 9245 13320 197 10144
81 8175 25 327 9184 13232 198 10077
81 7848 24 327 9124 13144 198 10010
81 7521 23 327 9063 13057 197 9944
81 7194 22 327 9002 12969 198 9877
81 6867 21 327 8941 12881 198 9810
81 6540 20 327 8880 12794 197 9743
81 6213 19 327 8819 12706 198 9677
81 5886 18 327 8758 12618 198 9610
81 5559 17 327 8698 12531 197 9543
81 5233 16 327 8637 12443 198 9476
81 4905 15 327 8576 12355 198 9409
81 4578 14 327 8515 12268 197 9343
81 4251 13 327 8454 12180 198 9276
81 3924 12 327 8393 12092 198 9209
81 3597 11 327 8332 12005 197 9143
81 3270 10 327 8272 11917 198 9076
81 2943 9 327 8211 11829 198 9009
81 2616 8 327 8150 11742 197 8942
81 2289 7 327 8089 11654 198 8875
81 1962 6 327 8028 11566 198 8808
81 1635 5 327 7967 11479 197 8742
81 1308 4 327 7906 11391 198 8675
81 981 3 327 7846 11303 198 8608
81 654 2 327 7785 11216 197 8542
81 327 1 327 7724 11128 198 8475
82 32700 100 327 13809 19976 847 15167
82 32373 99 327 13747 19887 199 15100
82 32046 98 327 13685 19798 199 15032
82 31719 97 327 13624 19709 199 14965
82 31392 96 327 13562 19620 199 14897
82 31065 95 327 13501 19531 199 14829
82 30738 94 327 13439 19442 199 14762
82 30411 93 327 13378 19353 199 14694
82 30084 92 327 13316 19264 199 14627
82 29757 91 327 13255 19175 199 14559
82 29430 90 327 13193 19086 199 14492
82 29103 89 327 13132 18997 199 14424
82 28776 88 327 13070 18908 199 14356
82 28449 87 327 13009 18818 200 14288
82 28122 86 327 12947 18729 199 14221
82 27795 85 327 12885 18641 198 14154
82 27468 84 327 12824 18551 200 14086
82 27141 83 327 12762 18462 199 14018
82 26814 82 327 12701 18373 199 13951
82 26487 81 327 12639 18284 199 13883
82 26160 80 327 12578 18195 199 13815
82 25833 79 327 12516 18106 199 13748
82 25506 78 327 12455 18017 199 13680
82 25179 77 327 12393 17928 199 13613
82 24852 76 327 12332 17839 199 13545
82 24525 75 327 12270 17750 199 13477
82 24198 74 327 12209 17661 199 13410
82 23871 73 327 12147 17572 199 13342
82 23544 72 327 12085 17483 199 13275
82 23217 71 327 12024 17394 199 13207
82 22890 70 327 11962 17305 199 13139
82 22563 69 327 11901 17216 199 13072
82 22236 68 327 11839 17127 199 13004
82 21909 67 327 11778 17038 199 12937
82 21582 66 327 11716 16949 199 12869
82 21255 65 327 11655 16860 199 12802
82 20928 64 327 11593 16771 199 12734
82 20601 63 327 11532 16682 199 12666
82 20274 62 327 11470 16593 199 12599
82 19947 61 327 11409 16504 199 12531
82 19620 60 327 11347 16415 199 12464
82 19293 58 327 11285 16326 199 12396
82 18966 58 327 11224 16237 199 12328
82 18639 57 327 11162 16148 199 12261
82 18312 56 327 11101 16059 199 12193
82 17986 55 327 11040 15970 199 12126
82 17658 54 327 10978 15881 199 12058
82 17331 52 327 10916 15792 199 11991
82 17004 52 327 10855 15703 199 11923
82 16677 51 327 10793 15614 199 11855
82 16350 50 327 10732 15525 199 11788
82 16023 49 327 10670 15436 199 11720
82 15696 48 327 10609 15347 199 11653
82 15369 47 327 10547 15258 199 11585
82 15042 46 327 10485 15169 199 11517
82 14715 45 327 10424 15080 199 11450
82 14388 44 327 10362 14991 199 11382
82 14061 43 327 10301 14901 200 11314
82 13734 42 327 10239 14812 199 11247
82 13407 41 327 10178 14723 199 11179
82 13080 40 327 10116 14634 199 11112
82 12753 39 327 10055 14545 199 11044
82 12426 38 327 9993 14456 199 10976
82 12099 37 327 9932 14367 199 10909
82 11772 36 327 9870 14278 199 10841
82 11445 35 327 9809 14189 199 10774
82 11118 34 327 9747 14100 199 10706
82 10791 33 327 9686 14011 199 10638
82 10464 32 327 9624 13922 199 10571
82 10137 31 327 9562 13833 199 10503
82 9810 30 327 9501 13744 199 10436
82 9483 29 327 9439 13655 199 10368
82 9156 28 327 9378 13566 199 10301
82 8829 27 327 9316 13477 199 10233
82 8502 26 327 9255 13388 199 10165
82 8175 25 327 9193 13299 199 10098
82 7848 24 327 9132 13210 199 10030
82 7521 23 327 9070 13121 199 9963
82 7194 22 327 9009 13032 199 9895
82 6867 21 327 8947 12943 199 9828
82 6540 20 327 8886 12854 199 9760
82 6213 19 327 8824 12765 199 9692
82 5886 18 327 8762 12676 199 9625
82 5559 17 327 8701 12587 199 9557
82 5232 16 327 8639 12498 199 9489
82 4905 15 327 8578 12409 199 9422
82 4578 14 327 8516 12320 199 9354
82 4251 13 327 8455 12231 199 9287
82 3924 12 327 8393 12142 199 9219
82 3597 11 327 8332 12053 199 9152
82 3270 10 327 8270 11964 199 9084
82 2943 9 327 8209 11875 199 9016
82 2617 8 327 8147 11786 199 8949
82 2289 7 327 8086 11697 199 8881
82 1962 6 327 8024 11608 199 8814
82 1635 5 327 7962 11519 199 8746
82 1308 4 327 7901 11430 199 8678
82 981 3 327 7839 11341 199 8611
82 654 2 327 7778 11252 199 8543
82 327 1 327 7716 11163 199 8476
83 32700 100 327 13868 20145 767 15250
83 32373 99 327 13806 20054 201 15181
83 32046 98 327 13744 19964 200 15113
83 31719 97 327 13682 19874 200 15045
83 31392 96 327 13620 19783 201 14976
83 31065 95 327 13557 19693 200 14908
83 30738 94 327 13495 19603 200 14839
83 30411 93 327 13433 19512 201 14771
83 30084 92 327 13371 19422 200 14702
83 29757 91 327 13308 19331 201 14634
83 29430 90 327 13246 19241 200 14566
83 29103 89 327 13184 19151 200 14497
83 28776 88 327 13122 19060 201 14429
83 28449 87 327 13060 18970 200 14360
83 28122 86 327 12997 18880 200 14292
83 27795 85 327 12935 18789 201 14223
83 27468 84 327 12873 18699 200 14155
83 27141 83 327 12811 18608 201 14087
83 26814 82 327 12749 18518 200 14018
83 26487 81 327 12686 18428 200 13950
83 26160 80 327 12624 18337 201 13881
83 25833 79 327 12562 18247 200 13813
83 25506 78 327 12500 18156 201 13744
83 25179 77 327 12437 18066 200 13676
83 24852 76 327 12375 17976 200 13608
83 24525 75 327 12313 17885 201 13539
83 24198 74 327 12251 17795 200 13471
83 23871 73 327 12189 17705 200 13403
83 23544 72 327 12126 17614 201 13334
83 23217 71 327 12064 17524 200 13266
83 22890 70 327 12002 17433 201 13197
83 22563 69 327 11940 17343 200 13129
83 22236 68 327 11877 17253 200 13060
83 21909 67 327 11815 17162 201 12992
83 21582 66 327 11753 17072 200 12924
83 21255 65 327 11691 16982 200 12855
83 20928 64 327 11629 16891 201 12787
83 20601 63 327 11566 16801 200 12718
83 20274 62 327 11504 16710 201 12650
83 19947 61 327 11442 16620 200 12581
83 19620 60 327 11380 16530 200 12513
83 19293 58 327 11317 16439 201 12445
83 18966 58 327 11255 16349 200 12376
83 18639 57 327 11193 16259 200 12308
83 18312 56 327 11131 16168 201 12239
83 17985 55 327 11069 16078 200 12171
83 17658 54 327 11006 15987 201 12102
83 17331 52 327 10944 15897 200 12034
83 17004 52 327 10882 15807 200 11966
83 16677 51 327 10820 15716 201 11897
83 16350 50 327 10757 15626 200 11829
83 16023 49 327 10695 15535 201 11760
83 15696 48 327 10633 15445 200 11692
83 15369 47 327 10571 15355 200 11624
83 15042 46 327 10509 15264 201 11555
83 14715 45 327 10446 15174 200 11487
83 14388 44 327 10384 15084 200 11418
83 14061 43 327 10322 14993 201 11350
83 13734 42 327 10260 14903 200 11282
83 13407 41 327 10197 14812 201 11213
83 13080 40 327 10135 14722 200 11145
83 12753 39 327 10073 14632 200 11076
83 12426 38 327 10011 14541 201 11008
83 12099 37 327 9949 14451 200 10939
83 11772 36 327 9886 14361 200 10871
83 11445 35 327 9824 14270 201 10803
83 11118 34 327 9762 14180 200 10734
83 10792 33 327 9700 14089 201 10666
83 10464 32 327 9637 13999 200 10597
83 10137 31 327 9575 13909 200 10529
83 9810 30 327 9513 13818 201 10460
83 9483 29 327 9451 13728 200 10392
83 9156 28 327 9389 13638 200 10324
83 8829 27 327 9326 13547 201 10255
83 8503 26 327 9264 13457 200 10187
83 8175 25 327 9202 13366 201 10118
83 7849 24 327 9140 13276 200 10050
83 7521 23 327 9077 13186 200 9982
83 7194 22 327 9015 13095 201 9913
83 6867 21 327 8953 13005 200 9845
83 6540 20 327 8891 12914 201 9776
83 6213 19 327 8829 12824 200 9708
83 5886 18 327 8766 12734 200 9640
83 5559 17 327 8704 12643 201 9571
83 5232 16 327 8642 12553 200 9503
83 4905 15 327 8580 12463 200 9434
83 4578 14 327 8517 12372 201 9366
83 4251 13 327 8455 12282 200 9297
83 3924 12 327 8393 12191 201 9229
83 3597 11 327 8331 12101 200 9161
83 3270 10 327 8269 12011 200 9092
83 2943 9 327 8206 11920 201 9024
83 2616 8 327 8144 11830 200 8955
83 2289 7 327 8082 11740 200 8887
83 1962 6 327 8020 11649 201 8818
83 1635 5 327 7958 11559 200 8750
83 1308 4 327 7895 11468 201 8682
83 981 3 327 7833 11378 200 8613
83 654 2 327 7771 11288 200 8545
83 327 1 327 7709 11197 201 8476
84 32700 100 327 13928 20315 687 15332
84 32373 99 327 13865 20223 202 15263
84 32046 98 327 13802 20131 202 15194
84 31719 97 327 13740 20039 202 15124
84 31392 96 327 13677 19948 201 15055
84 31065 95 327 13614 19856 202 14986
84 30738 94 327 13551 19764 202 14917
84 30411 93 327 13488 19672 202 14847
84 30084 92 327 13425 19581 201 14778
84 29757 91 327 13362 19489 202 14709
84 29430 90 327 13299 19397 202 14640
84 29103 89 327 13236 19305 202 14570
84 28776 88 327 13173 19214 201 14501
84 28449 87 327 13111 19122 202 14432
84 28122 86 327 13048 19030 202 14363
84 27795 85 327 12985 18938 202 14293
84 27469 84 327 12922 18847 201 14225
84 27141 83 327 12859 18755 202 14155
84 26814 82 327 12796 18663 202 14086
84 26487 81 327 12733 18571 202 14016
84 26160 80 327 12670 18480 201 13947
84 25833 79 327 12607 18388 202 13878
84 25506 78 327 12544 18296 202 13809
84 25179 77 327 12481 18204 202 13740
84 24852 76 327 12419 18113 201 13670
84 24525 75 327 12356 18021 202 13601
84 24199 74 327 12293 17930 201 13532
84 23871 73 327 12230 17837 203 13463
84 23544 72 327 12167 17746 201 13393
84 23217 71 327 12104 17654 202 13324
84 22890 70 327 12041 17562 202 13255
84 22563 69 327 11978 17471 201 13186
84 22236 68 327 11915 17379 202 13117
84 21909 67 327 11852 17287 202 13047
84 21582 66 327 11790 17195 202 12978
84 21255 65 327 11727 17104 201 12909
84 20928 64 327 11664 17012 202 12840
84 20601 63 327 11601 16920 202 12770
84 20274 62 327 11538 16828 202 12701
84 19947 61 327 11475 16737 201 12632
84 19620 60 327 11412 16645 202 12563
84 19293 58 327 11349 16553 202 12493
84 18966 58 327 11286 16461 202 12424
84 18639 57 327 11223 16370 201 12355
84 18312 56 327 11161 16278 202 12286
84 17985 55 327 11098 16186 202 12216
84 17658 54 327 11035 16094 202 12147
84 17331 52 327 10972 16003 201 12078
84 17004 52 327 10909 15911 202 12009
84 16677 51 327 10846 15819 202 11939
84 16350 50 327 10783 15727 202 11870
84 16023 49 327 10720 15636 201 11801
84 15696 48 327 10657 15544 202 11732
84 15369 47 327 10594 15452 202 11662
84 15042 46 327 10532 15360 202 11593
84 14715 45 327 10469 15269 201 11524
84 14388 44 327 10406 15177 202 11455
84 14062 43 327 10343 15085 202 11385
84 13734 42 327 10280 14993 202 11316
84 13407 41 327 10217 14902 201 11247
84 13080 40 327 10154 14810 202 11178
84 12753 39 327 10091 14718 202 11108
84 12426 38 327 10028 14626 202 11039
84 12099 37 327 9965 14535 201 10970
84 11772 36 327 9903 14443 202 10901
84 11445 35 327 9840 14351 202 10831
84 11118 34 327 9777 14260 201 10762
84 10791 33 327 9714 14168 202 10693
84 10464 32 327 9651 14076 202 10624
84 10137 31 327 9588 13984 202 10554
84 9810 30 327 9525 13893 201 10485
84 9483 29 327 9462 13801 202 10416
84 9156 28 327 9399 13709 202 10347
84 8829 27 327 9336 13617 202 10277
84 8502 26 327 9274 13526 201 10208
84 8175 25 327 9211 13434 202 10139
84 7848 24 327 9148 13342 202 10070
84 7521 23 327 9085 13250 202 10000
84 7194 22 327 9022 13159 201 9931
84 6867 21 327 8959 13067 202 9862
84 6540 20 327 8896 12975 202 9793
84 6213 19 327 8833 12883 202 9723
84 5886 18 327 8770 12792 201 9654
84 5559 17 327 8707 12700 202 9585
84 5232 16 327 8644 12608 202 9516
84 4905 15 327 8582 12516 202 9447
84 4579 14 327 8519 12425 201 9378
84 4251 13 327 8456 12333 202 9308
84 3924 12 327 8393 12241 202 9239
84 3597 11 327 8330 12149 202 9170
84 3270 10 327 8267 12058 201 9100
84 2943 9 327 8204 11966 202 9031
84 2616 8 327 8141 11874 202 8962
84 2289 7 327 8078 11782 202 8893
84 1962 6 327 8015 11691 201 8824
84 1635 5 327 7953 11599 202 8754
84 1308 4 327 7890 11507 202 8685
84 981 3 327 7827 11415 202 8616
84 654 2 327 7764 11324 201 8547
84 327 1 327 7701 11232 202 8477
85 32700 100 327 13988 20485 607 15415
85 32373 99 327 13924 20392 203 15345
85 32046 98 327 13861 20299 203 15275
85 31719 97 327 13797 20206 203 15205
85 31392 96 327 13734 20112 204 15134
85 31065 95 327 13670 20019 203 15064
85 30738 94 327 13606 19926 203 14994
85 30411 93 327 13543 19833 203 14924
85 30085 92 327 13479 19740 203 14854
85 29757 91 327 13416 19647 203 14784
85 29430 90 327 13352 19554 203 14714
85 29103 89 327 13288 19461 203 14644
85 28776 88 327 13225 19368 203 14574
85 28449 87 327 13161 19274 204 14504
85 28122 86 327 13098 19181 203 14434
85 27795 85 327 13034 19088 203 14364
85 27468 84 327 12971 18995 203 14294
85 27141 83 327 12907 18902 203 14223
85 26814 82 327 12843 18809 203 14153
85 26487 81 327 12780 18716 203 14083
85 26160 80 327 12716 18623 203 14013
85 25833 79 327 12653 18530 203 13943
85 25506 78 327 12589 18436 204 13873
85 25179 77 327 12525 18343 203 13803
85 24852 76 327 12462 18250 203 13733
85 24525 75 327 12398 18157 203 13663
85 24198 74 327 12335 18064 203 13593
85 23871 73 327 12271 17971 203 13523
85 23544 72 327 12208 17878 203 13453
85 23217 71 327 12144 17785 203 13383
85 22890 70 327 12080 17692 203 13313
85 22563 69 327 12017 17598 204 13242
85 22236 68 327 11953 17505 203 13172
85 21909 67 327 11890 17412 203 13102
85 21582 66 327 11826 17319 203 13032
85 21255 65 327 11762 17226 203 12962
85 20928 64 327 11699 17133 203 12892
85 20601 63 327 11635 17040 203 12822
85 20274 62 327 11572 16947 203 12752
85 19947 61 327 11508 16853 204 12682
85 19620 60 327 11445 16760 203 12612
85 19293 58 327 11381 16667 203 12542
85 18966 58 327 11317 16574 203 12472
85 18639 57 327 11254 16481 203 12402
85 18312 56 327 11190 16388 203 12332
85 17985 55 327 11127 16295 203 12262
85 17658 54 327 11063 16202 203 12192
85 17331 52 327 11000 16109 203 12122
85 17005 52 327 10936 16016 203 12052
85 16677 51 327 10872 15922 204 11981
85 16350 50 327 10809 15829 203 11911
85 16023 49 327 10745 15736 203 11841
85 15696 48 327 10682 15643 203 11771
85 15369 47 327 10618 15550 203 11701
85 15042 46 327 10554 15457 203 11631
85 14715 45 327 10491 15364 203 11561
85 14388 44 327 10427 15271 203 11491
85 14061 43 327 10364 15177 204 11421
85 13734 42 327 10300 15084 203 11351
85 13407 41 327 10237 14991 203 11281
85 13080 40 327 10173 14898 203 11211
85 12753 39 327 10109 14805 203 11141
85 12426 38 327 10046 14712 203 11071
85 12099 37 327 9982 14619 203 11000
85 11772 36 327 9919 14526 203 10930
85 11445 35 327 9855 14433 203 10860
85 11118 34 327 9791 14339 204 10790
85 10791 33 327 9728 14246 203 10720
85 10464 32 327 9664 14153 203 10650
85 10137 31 327 9601 14060 203 10580
85 9810 30 327 9537 13967 203 10510
85 9483 29 327 9474 13874 203 10440
85 9156 28 327 9410 13781 203 10370
85 8829 27 327 9346 13688 203 10300
85 8502 26 327 9283 13595 203 10230
85 8175 25 327 9219 13501 204 10160
85 7848 24 327 9156 13408 203 10089
85 7521 23 327 9092 13315 203 10019
85 7194 22 327 9029 13222 203 9949
85 6867 21 327 8965 13129 203 9879
85 6540 20 327 8901 13036 203 9809
85 6213 19 327 8838 12943 203 9739
85 5886 18 327 8774 12850 203 9669
85 5559 17 327 8711 12757 203 9599
85 5232 16 327 8647 12663 204 9529
85 4905 15 327 8583 12570 203 9459
85 4578 14 327 8520 12477 203 9389
85 4251 13 327 8456 12384 203 9319
85 3924 12 327 8393 12291 203 9249
85 3597 11 327 8329 12198 203 9179
85 3270 10 327 8266 12105 203 9109
85 2943 9 327 8202 12012 203 9039
85 2616 8 327 8138 11918 204 8968
85 2289 7 327 8075 11825 203 8898
85 1962 6 327 8011 11732 203 8828
85 1635 5 327 7948 11639 203 8758
85 1308 4 327 7884 11546 203 8688
85 981 3 327 7820 11453 203 8618
85 654 2 327 7757 11360 203 8548
85 327 1 327 7693 11267 203 8478
86 32700 100 327 14047 20656 524 15497
86 32373 99 327 13983 20561 205 15426
86 32046 98 327 13919 20467 204 15355
86 31719 97 327 13854 20372 205 15284
86 31392 96 327 13790 20278 204 15213
86 31065 95 327 13726 20183 205 15142
86 30738 94 327 13662 20089 204 15072
86 30411 93 327 13597 19995 204 15001
86 30084 92 327 13533 19900 205 14930
86 29757 91 327 13469 19806 204 14859
86 29430 90 327 13405 19711 205 14788
86 29103 89 327 13340 19617 204 14717
86 28777 88 327 13276 19522 205 14646
86 28449 87 327 13212 19428 204 14575
86 28122 86 327 13148 19333 205 14504
86 27795 85 327 13083 19239 204 14434
86 27468 84 327 13019 19144 205 14363
86 27141 83 327 12955 19050 204 14292
86 26814 82 327 12891 18955 205 14221
86 26487 81 327 12826 18861 204 14150
86 26160 80 327 12762 18766 205 14079
86 25833 79 327 12698 18672 204 14008
86 25506 78 327 12634 18577 205 13937
86 25179 77 327 12569 18483 204 13867
86 24852 76 327 12505 18388 205 13796
86 24525 75 327 12441 18294 204 13725
86 24198 74 327 12377 18199 205 13654
86 23871 73 327 12312 18105 204 13583
86 23544 72 327 12248 18011 204 13512
86 23217 71 327 12184 17916 205 13441
86 22890 70 327 12120 17821 205 13370
86 22563 69 327 12055 17727 204 13299
86 22236 68 327 11991 17632 205 13228
86 21909 67 327 11927 17538 204 13158
86 21582 66 327 11862 17443 205 13087
86 21256 65 327 11798 17349 204 13016
86 20928 64 327 11734 17254 205 12945
86 20601 63 327 11670 17160 204 12874
86 20274 62 327 11605 17065 205 12803
86 19947 61 327 11541 16971 204 12732
86 19620 60 327 11477 16877 204 12662
86 19293 58 327 11413 16782 205 12590
86 18966 58 327 11348 16687 205 12519
86 18639 57 327 11284 16593 204 12449
86 18312 56 327 11220 16498 205 12378
86 17985 55 327 11156 16404 204 12307
86 17658 54 327 11091 16309 205 12236
86 17331 52 327 11027 16215 204 12165
86 17004 52 327 10963 16120 205 12094
86 16677 51 327 10899 16026 204 12023
86 16350 50 327 10834 15931 205 11952
86 16023 49 327 10770 15837 204 11882
86 15696 48 327 10706 15742 205 11811
86 15369 47 327 10642 15648 204 11740
86 15042 46 327 10577 15553 205 11669
86 14715 45 327 10513 15459 204 11598
86 14388 44 327 10449 15365 204 11527
86 14061 43 327 10385 15270 205 11456
86 13734 42 327 10320 15176 204 11385
86 13407 41 327 10256 15081 205 11314
86 13080 40 327 10192 14987 204 11244
86 12753 39 327 10127 14892 205 11173
86 12426 38 327 10063 14798 204 11102
86 12099 37 327 9999 14703 205 11031
86 11773 36 327 9935 14609 204 10960
86 11445 35 327 9870 14514 205 10889
86 11118 34 327 9806 14420 204 10818
86 10791 33 327 9742 14325 205 10747
86 10464 32 327 9678 14231 204 10677
86 10137 31 327 9613 14136 205 10605
86 9811 30 327 9549 14042 204 10535
86 9483 29 327 9485 13947 205 10464
86 9156 28 327 9421 13853 204 10393
86 8829 27 327 9356 13758 205 10322
86 8502 26 327 9292 13664 204 10251
86 8175 25 327 9228 13569 205 10180
86 7848 24 327 9164 13475 204 10109
86 7521 23 327 9099 13380 205 10038
86 7195 22 327 9035 13286 204 9968
86 6867 21 327 8971 13191 205 9897
86 6540 20 327 8907 13097 204 9826
86 6214 19 327 8843 13003 204 9755
86 5886 18 327 8778 12908 205 9684
86 5559 17 327 8714 12813 205 9613
86 5233 16 327 8650 12719 204 9542
86 4905 15 327 8585 12624 205 9471
86 4578 14 327 8521 12530 204 9400
86 4251 13 327 8457 12435 205 9329
86 3924 12 327 8392 12341 204 9259
86 3597 11 327 8328 12246 205 9188
86 3270 10 327 8264 12152 204 9117
86 2943 9 327 8200 12057 205 9046
86 2616 8 327 8135 11963 204 8975
86 2289 7 327 8071 11868 205 8904
86 1962 6 327 8007 11774 204 8833
86 1635 5 327 7943 11679 205 8762
86 1308 4 327 7878 11585 204 8692
86 981 3 327 7814 11490 205 8620
86 654 2 327 7750 11396 204 8550
86 327 1 327 7686 11301 205 8479
87 32700 100 327 14107 20828 442 15579
87 32373 99 327 14042 20732 206 15508
87 32046 98 327 13977 20636 206 15436
87 31719 97 327 13912 20540 206 15364
87 31392 96 327 13847 20444 206 15292
87 31065 95 327 13782 20348 206 15221
87 30738 94 327 13717 20252 206 15149
87 30411 93 327 13652 20156 206 15077
87 30084 92 327 13587 20061 205 15006
87 29757 91 327 13522 19965 206 14934
87 29430 90 327 13457 19869 206 14862
87 29103 89 327 13392 19773 206 14790
87 28776 88 327 13327 19677 206 14719
87 28449 87 327 13262 19581 206 14647
87 28122 86 327 13197 19485 206 14575
87 27795 85 327 13133 19390 205 14504
87 27468 84 327 13068 19294 206 14432
87 27141 83 327 13003 19198 206 14360
87 26814 82 327 12938 19102 206 14288
87 26487 81 327 12873 19006 206 14217
87 26160 80 327 12808 18910 206 14145
87 25833 79 327 12743 18814 206 14073
87 25506 78 327 12678 18718 206 14001
87 25179 77 327 12613 18623 205 13930
87 24852 76 327 12548 18527 206 13858
87 24525 75 327 12483 18431 206 13786
87 24198 74 327 12418 18335 206 13715
87 23871 73 327 12353 18239 206 13643
87 23544 72 327 12288 18143 206 13571
87 23217 71 327 12223 18047 206 13499
87 22890 70 327 12158 17951 206 13428
87 22563 69 327 12094 17856 205 13356
87 22236 68 327 12029 17760 206 13284
87 21909 67 327 11964 17664 206 13213
87 21582 66 327 11899 17568 206 13141
87 21255 65 327 11834 17472 206 13069
87 20928 64 327 11769 17376 206 12998
87 20601 63 327 11704 17280 206 12926
87 20274 62 327 11639 17184 206 12854
87 19947 61 327 11574 17089 205 12783
87 19620 60 327 11509 16993 206 12711
87 19293 58 327 11444 16897 206 12639
87 18966 58 327 11379 16801 206 12567
87 18639 57 327 11314 16705 206 12496
87 18312 56 327 11249 16609 206 12424
87 17985 55 327 11184 16513 206 12352
87 17658 54 327 11120 16417 206 12280
87 17331 52 327 11055 16322 205 12209
87 17004 52 327 10990 16226 206 12137
87 16677 51 327 10925 16130 206 12065
87 16350 50 327 10860 16034 206 11994
87 16023 49 327 10795 15938 206 11922
87 15696 48 327 10730 15842 206 11850
87 15369 47 327 10665 15746 206 11778
87 15042 46 327 10600 15650 206 11707
87 14715 45 327 10535 15555 205 11635
87 14388 44 327 10470 15459 206 11563
87 14061 43 327 10405 15363 206 11492
87 13734 42 327 10340 15267 206 11420
87 13407 41 327 10275 15171 206 11348
87 13080 40 327 10210 15075 206 11276
87 12753 39 327 10146 14979 206 11205
87 12426 38 327 10081 14883 206 11133
87 12099 37 327 10016 14788 205 11061
87 11772 36 327 9951 14692 206 10990
87 11445 35 327 9886 14596 206 10918
87 11118 34 327 9821 14500 206 10846
87 10791 33 327 9756 14404 206 10774
87 10464 32 327 9691 14308 206 10703
87 10137 31 327 9626 14212 206 10631
87 9810 30 327 9561 14116 206 10559
87 9483 29 327 9496 14021 205 10488
87 9157 28 327 9431 13925 206 10416
87 8829 27 327 9366 13829 206 10344
87 8502 26 327 9301 13733 206 10272
87 8175 25 327 9236 13637 206 10201
87 7848 24 327 9171 13541 206 10129
87 7521 23 327 9107 13445 206 10057
87 7194 22 327 9042 13350 205 9986
87 6867 21 327 8977 13254 206 9914
87 6540 20 327 8912 13158 206 9842
87 6213 19 327 8847 13062 206 9770
87 5886 18 327 8782 12966 206 9699
87 5559 17 327 8717 12870 206 9627
87 5232 16 327 8652 12774 206 9555
87 4905 15 327 8587 12678 206 9483
87 4578 14 327 8522 12583 205 9412
87 4251 13 327 8457 12487 206 9340
87 3924 12 327 8392 12391 206 9268
87 3597 11 327 8327 12295 206 9197
87 3270 10 327 8262 12199 206 9125
87 2943 9 327 8197 12103 206 9053
87 2616 8 327 8133 12007 206 8981
87 2289 7 327 8068 11911 206 8910
87 1962 6 327 8003 11816 205 8838
87 1636 5 327 7938 11720 206 8767
87 1308 4 327 7873 11624 206 8695
87 981 3 327 7808 11528 206 8623
87 654 2 327 7743 11432 206 8551
87 327 1 327 7678 11336 206 8480
88 32700 100 327 14166 21000 359 15662
88 32373 99 327 14100 20903 207 15589
88 32046 98 327 14034 20805 208 15516
88 31719 97 327 13969 20708 207 15444
88 31392 96 327 13903 20611 207 15371
88 31065 95 327 13838 20514 207 15299
88 30738 94 327 13772 20416 208 15226
88 30411 93 327 13706 20319 207 15154
88 30084 92 327 13641 20222 207 15081
88 29757 91 327 13575 20125 207 15009
88 29430 90 327 13510 20027 208 14936
88 29103 89 327 13444 19930 207 14864
88 28776 88 327 13378 19833 207 14791
88 28449 87 327 13313 19736 207 14719
88 28122 86 327 13247 19638 208 14646
88 27795 85 327 13182 19541 207 14573
88 27468 84 327 13116 19444 207 14501
88 27141 83 327 13050 19346 208 14428
88 26814 82 327 12985 19249 207 14356
88 26487 81 327 12919 19152 207 14283
88 26160 80 327 12853 19055 207 14211
88 25833 79 327 12788 18957 208 14138
88 25506 78 327 12722 18860 207 14066
88 25180 77 327 12657 18763 207 13993
88 24852 76 327 12591 18666 207 13921
88 24525 75 327 12525 18568 208 13848
88 24198 74 327 12460 18471 207 13776
88 23871 73 327 12394 18374 207 13703
88 23544 72 327 12329 18277 207 13631
88 23217 71 327 12263 18179 208 13558
88 22890 70 327 12197 18082 207 13485
88 22563 69 327 12132 17985 207 13413
88 22236 68 327 12066 17888 207 13340
88 21909 67 327 12001 17790 208 13268
88 21582 66 327 11935 17693 207 13195
88 21255 65 327 11869 17596 207 13123
88 20928 64 327 11804 17498 208 13050
88 20601 63 327 11738 17401 207 12978
88 20274 62 327 11672 17304 207 12905
88 19947 61 327 11607 17207 207 12833
88 19620 60 327 11541 17109 208 12760
88 19293 58 327 11476 17012 207 12687
88 18966 58 327 11410 16915 207 12615
88 18639 57 327 11344 16818 207 12543
88 18312 56 327 11279 16720 208 12470
88 17985 55 327 11213 16623 207 12397
88 17659 54 327 11148 16526 207 12325
88 17331 52 327 11082 16429 207 12252
88 17004 52 327 11016 16331 208 12180
88 16677 51 327 10951 16234 207 12107
88 16350 50 327 10885 16137 207 12035
88 16023 49 327 10820 16040 207 11962
88 15696 48 327 10754 15942 208 11890
88 15369 47 327 10688 15845 207 11817
88 15042 46 327 10623 15748 207 11745
88 14715 45 327 10557 15650 208 11672
88 14388 44 327 10492 15553 207 11599
88 14061 43 327 10426 15456 207 11527
88 13734 42 327 10360 15359 207 11454
88 13407 41 327 10295 15261 208 11382
88 13080 40 327 10229 15164 207 11309
88 12753 39 327 10163 15067 207 11237
88 12426 38 327 10098 14970 207 11164
88 12099 37 327 10032 14872 208 11092
88 11773 36 327 9967 14775 207 11019
88 11445 35 327 9901 14678 207 10947
88 11118 34 327 9835 14581 207 10874
88 10791 33 327 9770 14483 208 10801
88 10464 32 327 9704 14386 207 10729
88 10137 31 327 9639 14289 207 10656
88 9810 30 327 9573 14192 207 10584
88 9483 29 327 9507 14094 208 10511
88 9156 28 327 9442 13997 207 10439
88 8829 27 327 9376 13900 207 10366
88 8502 26 327 9311 13802 208 10294
88 8175 25 327 9245 13705 207 10221
88 7848 24 327 9179 13608 207 10149
88 7521 23 327 9114 13511 207 10076
88 7194 22 327 9048 13413 208 10003
88 6867 21 327 8983 13316 207 9931
88 6540 20 327 8917 13219 207 9859
88 6213 19 327 8851 13122 207 9786
88 5886 18 327 8786 13024 208 9713
88 5559 17 327 8720 12927 207 9641
88 5232 16 327 8654 12830 207 9569
88 4905 15 327 8589 12733 207 9496
88 4578 14 327 8523 12635 208 9423
88 4251 13 327 8458 12538 207 9351
88 3924 12 327 8392 12441 207 9278
88 3597 11 327 8326 12344 207 9206
88 3270 10 327 8261 12246 208 9133
88 2943 9 327 8195 12149 207 9061
88 2616 8 327 8130 12052 207 8988
88 2289 7 327 8064 11954 208 8915
88 1962 6 327 7998 11857 207 8843
88 1635 5 327 7933 11760 207 8770
88 1308 4 327 7867 11663 207 8698
88 981 3 327 7802 11565 208 8625
88 654 2 327 7736 11468 207 8553
88 327 1 327 7670 11371 207 8480
89 32700 100 327 14225 21173 274 15744
89 32373 99 327 14158 21074 209 15670
89 32046 98 327 14092 20976 208 15597
89 31719 97 327 14026 20877 209 15524
89 31392 96 327 13959 20778 209 15450
89 31065 95 327 13893 20680 208 15377
89 30738 94 327 13827 20581 209 15304
89 30411 93 327 13761 20482 209 15230
89 30084 92 327 13694 20384 208 15157
89 29757 91 327 13628 20285 209 15084
89 29430 90 327 13562 20186 209 15010
89 29103 89 327 13495 20088 208 14937
89 28776 88 327 13429 19989 209 14863
89 28449 87 327 13363 19890 209 14790
89 28122 86 327 13297 19792 208 14717
89 27795 85 327 13230 19693 209 14643
89 27468 84 327 13164 19594 209 14570
89 27141 83 327 13098 19496 208 14497
89 26814 82 327 13032 19397 209 14423
89 26487 81 327 12965 19298 209 14350
89 26160 80 327 12899 19200 208 14277
89 25833 79 327 12833 19101 209 14203
89 25506 78 327 12766 19002 209 14130
89 25179 77 327 12700 18904 208 14057
89 24852 76 327 12634 18805 209 13983
89 24525 75 327 12568 18706 209 13910
89 24198 74 327 12501 18608 208 13836
89 23871 73 327 12435 18509 209 13763
89 23544 72 327 12369 18410 209 13690
89 23217 71 327 12302 18312 208 13616
89 22890 70 327 12236 18213 209 13543
89 22563 69 327 12170 18114 209 13469
89 22236 68 327 12104 18016 208 13396
89 21909 67 327 12037 17917 209 13323
89 21582 66 327 11971 17819 208 13250
89 21255 65 327 11905 17720 209 13176
89 20928 64 327 11838 17621 209 13103
89 20601 63 327 11772 17523 208 13030
89 20274 62 327 11706 17424 209 12956
89 19947 61 327 11640 17325 209 12883
89 19620 60 327 11573 17227 208 12809
89 19293 58 327 11507 17128 209 12736
89 18966 58 327 11441 17029 209 12663
89 18639 57 327 11374 16931 208 12589
89 18312 56 327 11308 16832 209 12516
89 17985 55 327 11242 16733 209 12442
89 17658 54 327 11176 16635 208 12369
89 17331 52 327 11109 16536 209 12296
89 17004 52 327 11043 16437 209 12222
89 16677 51 327 10977 16339 208 12149
89 16350 50 327 10910 16240 209 12076
89 16023 49 327 10844 16141 209 12002
89 15696 48 327 10778 16043 208 11929
89 15369 47 327 10712 15944 209 11856
89 15042 46 327 10645 15845 209 11782
89 14715 45 327 10579 15747 208 11709
89 14388 44 327 10513 15648 209 11636
89 14061 43 327 10447 15549 209 11562
89 13734 42 327 10380 15451 208 11489
89 13407 41 327 10314 15352 209 11415
89 13080 40 327 10248 15253 209 11342
89 12753 39 327 10181 15155 208 11269
89 12426 38 327 10115 15056 209 11195
89 12099 37 327 10049 14957 209 11122
89 11772 36 327 9983 14859 208 11049
89 11445 35 327 9916 14760 209 10975
89 11118 34 327 9850 14661 209 10902
89 10791 33 327 9784 14563 208 10829
89 10464 32 327 9717 14464 209 10755
89 10137 31 327 9651 14366 208 10682
89 9810 30 327 9585 14267 209 10609
89 9483 29 327 9519 14168 209 10535
89 9156 28 327 9452 14069 209 10462
89 8829 27 327 9386 13971 208 10388
89 8502 26 327 9320 13872 209 10315
89 8175 25 327 9253 13773 209 10242
89 7848 24 327 9187 13675 208 10168
89 7521 23 327 9121 13576 209 10095
89 7194 22 327 9055 13478 208 10022
89 6868 21 327 8988 13379 209 9948
89 6540 20 327 8922 13280 209 9875
89 6213 19 327 8856 13182 208 9802
89 5886 18 327 8789 13083 209 9728
89 5559 17 327 8723 12984 209 9655
89 5232 16 327 8657 12886 208 9582
89 4905 15 327 8591 12787 209 9508
89 4578 14 327 8524 12688 209 9435
89 4251 13 327 8458 12590 208 9361
89 3925 12 327 8392 12492 208 9289
89 3597 11 327 8325 12392 210 9215
89 3270 10 327 8259 12294 208 9141
89 2943 9 327 8193 12195 209 9068
89 2616 8 327 8127 12096 209 8994
89 2290 7 327 8061 11998 208 8921
89 1962 6 327 7994 11899 209 8848
89 1635 5 327 7928 11800 209 8774
89 1308 4 327 7862 11702 208 8701
89 981 3 327 7795 11603 209 8628
89 654 2 327 7729 11504 209 8554
89 327 1 327 7663 11406 208 8481
90 32700 100 327 14283 21347 187 15826
90 32373 99 327 14216 21246 211 15752
90 32046 98 327 14149 21146 210 15677
90 31719 97 327 14083 21046 210 15603
90 31393 96 327 14016 20947 209 15530
90 31065 95 327 13949 20846 211 15455
90 30739 94 327 13882 20746 210 15381
90 30411 93 327 13815 20646 210 15307
90 30084 92 327 13748 20546 210 15232
90 29757 91 327 13681 20446 210 15158
90 29430 90 327 13614 20346 210 15084
90 29103 89 327 13547 20246 210 15010
90 28776 88 327 13480 20146 210 14936
90 28449 87 327 13413 20046 210 14862
90 28122 86 327 13346 19946 210 14787
90 27795 85 327 13279 19846 210 14713
90 27468 84 327 13212 19746 210 14639
90 27141 83 327 13145 19646 210 14565
90 26814 82 327 13078 19545 211 14491
90 26487 81 327 13011 19445 210 14416
90 26160 80 327 12944 19345 210 14342
90 25833 79 327 12877 19245 210 14268
90 25506 78 327 12810 19145 210 14194
90 25179 77 327 12743 19045 210 14120
90 24852 76 327 12676 18945 210 14046
90 24526 75 327 12610 18845 210 13971
90 24198 74 327 12543 18745 210 13897
90 23871 73 327 12476 18645 210 13823
90 23544 72 327 12409 18545 210 13749
90 23217 71 327 12342 18445 210 13675
90 22890 70 327 12275 18345 210 13601
90 22563 69 327 12208 18245 210 13526
90 22236 68 327 12141 18145 210 13452
90 21909 67 327 12074 18045 210 13378
90 21582 66 327 12007 17944 211 13304
90 21255 65 327 11940 17844 210 13229
90 20928 64 327 11873 17745 209 13156
90 20601 63 327 11806 17644 211 13081
90 20274 62 327 11739 17544 210 13007
90 19947 61 327 11672 17444 210 12933
90 19620 60 327 11605 17344 210 12859
90 19293 58 327 11538 17244 210 12785
90 18966 58 327 11471 17144 210 12710
90 18639 57 327 11404 17044 210 12636
90 18312 56 327 11337 16944 210 12562
90 17985 55 327 11270 16844 210 12488
90 17658 54 327 11204 16744 210 12414
90 17331 52 327 11137 16644 210 12339
90 17004 52 327 11070 16544 210 12265
90 16677 51 327 11003 16444 210 12191
90 16350 50 327 10936 16343 211 12117
90 16023 49 327 10869 16243 210 12042
90 15696 48 327 10802 16143 210 11968
90 15370 47 327 10735 16044 209 11895
90 15042 46 327 10668 15943 211 11820
90 14715 45 327 10601 15843 210 11746
90 14388 44 327 10534 15743 210 11672
90 14061 43 327 10467 15643 210 11597
90 13734 42 327 10400 15543 210 11523
90 13407 41 327 10333 15443 210 11449
90 13080 40 327 10266 15343 210 11375
90 12753 39 327 10199 15243 210 11301
90 12426 38 327 10132 15143 210 11227
90 12099 37 327 10065 15043 210 11152
90 11772 36 327 9998 14943 210 11078
90 11445 35 327 9931 14843 210 11004
90 11118 34 327 9864 14742 211 10930
90 10791 33 327 9797 14642 210 10856
90 10464 32 327 9731 14542 210 10781
90 10137 31 327 9664 14442 210 10707
90 9810 30 327 9597 14342 210 10633
90 9483 29 327 9530 14242 210 10559
90 9156 28 327 9463 14142 210 10485
90 8829 27 327 9396 14042 210 10411
90 8502 26 327 9329 13942 210 10336
90 8175 25 327 9262 13842 210 10262
90 7848 24 327 9195 13742 210 10188
90 7521 23 327 9128 13642 210 10114
90 7194 22 327 9061 13542 210 10040
90 6867 21 327 8994 13442 210 9966
90 6540 20 327 8927 13342 210 9891
90 6213 19 327 8860 13242 210 9817
90 5886 18 327 8793 13141 211 9743
90 5559 17 327 8726 13041 210 9669
90 5232 16 327 8659 12941 210 9594
90 4905 15 327 8592 12841 210 9520
90 4578 14 327 8525 12741 210 9446
90 4251 13 327 8458 12641 210 9372
90 3924 12 327 8391 12541 210 9298
90 3597 11 327 8325 12441 210 9224
90 3270 10 327 8258 12341 210 9149
90 2943 9 327 8191 12241 210 9075
90 2616 8 327 8124 12141 210 9001
90 2289 7 327 8057 12041 210 8927
90 1962 6 327 7990 11941 210 8853
90 1635 5 327 7923 11841 210 8779
90 1308 4 327 7856 11741 210 8704
90 981 3 327 7789 11641 210 8630
90 654 2 327 7722 11540 211 8556
90 327 1 327 7655 11440 210 8482
