46 32700 100 327 22929 28457 3753 24195
46 32373 99 327 22857 28368 3741 24119
46 32046 98 327 22785 28279 3730 24043
46 31719 97 327 22714 28190 3719 23968
46 31392 96 327 22642 28101 3707 23892
46 31065 95 327 22570 28012 3696 23816
46 30738 94 327 22498 27923 3684 23740
46 30411 93 327 22427 27834 3673 23665
46 30084 92 327 22355 27744 3663 23589
46 29757 91 327 22283 27655 3651 23513
46 29430 90 327 22211 27566 3639 23437
46 29103 89 327 22140 27478 3628 23362
46 28776 88 327 22068 27388 3617 23286
46 28449 87 327 21996 27299 3605 23210
46 28122 86 327 21924 27210 3593 23135
46 27795 85 327 21853 27121 3583 23059
46 27468 84 327 21781 27032 3571 22983
46 27142 83 327 21709 26943 3559 22908
46 26814 82 327 21637 26854 3547 22832
46 26487 81 327 21566 26765 3537 22756
46 26160 80 327 21494 26676 3525 22680
46 25833 79 327 21422 26587 3513 22605
46 25506 78 327 21350 26498 3502 22529
46 25179 77 327 21279 26409 3491 22453
46 24852 76 327 21207 26320 3479 22378
46 24525 75 327 21135 26231 3468 22302
46 24198 74 327 21063 26142 3456 22226
46 23871 73 327 20992 26053 3445 22151
46 23544 72 327 20920 25963 3435 22075
46 23217 71 327 20848 25874 3423 21999
46 22890 70 327 20776 25785 3411 21923
46 22563 69 327 20705 25696 3401 21847
46 22236 68 327 20633 25607 3389 21772
46 21909 67 327 20561 25518 3377 21696
46 21582 66 327 20489 25429 3365 21620
46 21255 65 327 20418 25340 3355 21545
46 20928 64 327 20346 25251 3343 21469
46 20601 63 327 20274 25162 3331 21393
46 20274 62 327 20202 25073 3319 21318
46 19947 61 327 20131 24984 3309 21242
46 19620 60 327 20059 24895 3297 21166
46 19293 58 327 19987 24806 3285 21090
46 18966 58 327 19915 24717 3274 21015
46 18639 57 327 19844 24628 3263 20939
46 18312 56 327 19772 24539 3251 20863
46 17985 55 327 19700 24450 3240 20788
46 17658 54 327 19628 24361 3228 20712
46 17331 52 327 19557 24272 3217 20636
46 17004 52 327 19485 24183 3206 20561
46 16677 51 327 19413 24093 3195 20485
46 16350 50 327 19341 24004 3183 20409
46 16024 49 327 19270 23916 3172 20334
46 15696 48 327 19198 23826 3161 20258
46 15369 47 327 19126 23737 3149 20182
46 15042 46 327 19054 23648 3137 20106
46 14715 45 327 18983 23559 3127 20030
46 14388 44 327 18911 23470 3115 19955
46 14061 43 327 18839 23381 3103 19879
46 13734 42 327 18767 23292 3093 19803
46 13407 41 327 18696 23203 3081 19728
46 13080 40 327 18624 23114 3069 19652
46 12753 39 327 18552 23025 3057 19576
46 12426 38 327 18480 22936 3046 19501
46 12099 37 327 18409 22847 3035 19425
46 11772 36 327 18337 22758 3023 19349
46 11445 35 327 18265 22669 3012 19273
46 11118 34 327 18193 22580 3000 19198
46 10791 33 327 18122 22491 2989 19122
46 10464 32 327 18050 22402 2978 19046
46 10137 31 327 17978 22312 2967 18970
46 9811 30 327 17907 22224 2954 18895
46 9483 29 327 17835 22134 2945 18819
46 9156 28 327 17763 22046 2932 18744
46 8829 27 327 17691 21956 2921 18668
46 8502 26 327 17619 21867 2909 18592
46 8175 25 327 17548 21778 2899 18516
46 7848 24 327 17476 21689 2887 18441
46 7521 23 327 17404 21600 2875 18365
46 7194 22 327 17332 21511 2865 18289
46 6867 21 327 17261 21422 2853 18213
46 6540 20 327 17189 21333 2841 18138
46 6213 19 327 17117 21244 2829 18062
46 5886 18 327 17045 21155 2818 17986
46 5559 17 327 16974 21066 2807 17911
46 5232 16 327 16902 20977 2795 17835
46 4905 15 327 16830 20888 2784 17759
46 4578 14 327 16758 20799 2772 17684
46 4251 13 327 16687 20710 2761 17608
46 3924 12 327 16615 20621 2750 17532
46 3597 11 327 16543 20532 2738 17456
46 3270 10 327 16471 20442 2727 17380
46 2943 9 327 16400 20353 2717 17305
46 2616 8 327 16328 20264 2705 17229
46 2289 7 327 16256 20175 2693 17153
46 1962 6 327 16184 20086 2681 17078
46 1635 5 327 16113 19997 2671 17002
46 1308 4 327 16041 19908 2659 16926
46 981 3 327 15969 19819 2647 16851
46 654 2 327 15897 19730 2635 16775
46 327 1 327 15826 19641 2625 16699
47 32700 100 327 23061 28747 3648 24361
47 32373 99 327 22987 28656 3635 24284
47 32046 98 327 22914 28565 3624 24207
47 31719 97 327 22841 28473 3614 24129
47 31392 96 327 22768 28382 3603 24052
47 31065 95 327 22695 28291 3592 23975
47 30738 94 327 22621 28199 3580 23897
47 30411 93 327 22548 28108 3569 23820
47 30084 92 327 22475 28017 3558 23742
47 29757 91 327 22402 27926 3546 23665
47 29430 90 327 22328 27834 3535 23588
47 29103 89 327 22255 27743 3524 23510
47 28776 88 327 22182 27652 3512 23433
47 28449 87 327 22109 27560 3502 23355
47 28122 86 327 22035 27469 3490 23278
47 27795 85 327 21962 27378 3478 23201
47 27468 84 327 21889 27287 3467 23124
47 27141 83 327 21816 27195 3457 23046
47 26814 82 327 21742 27104 3444 22969
47 26487 81 327 21669 27013 3433 22891
47 26160 80 327 21596 26921 3423 22814
47 25833 79 327 21523 26830 3412 22737
47 25506 78 327 21450 26739 3401 22659
47 25179 77 327 21376 26648 3388 22582
47 24852 76 327 21303 26556 3378 22505
47 24526 75 327 21230 26465 3367 22427
47 24198 74 327 21157 26374 3355 22350
47 23871 73 327 21083 26282 3344 22272
47 23544 72 327 21010 26191 3333 22195
47 23217 71 327 20937 26100 3321 22118
47 22890 70 327 20864 26008 3311 22040
47 22563 69 327 20790 25917 3299 21963
47 22236 68 327 20717 25826 3287 21886
47 21909 67 327 20644 25735 3276 21808
47 21583 66 327 20571 25644 3265 21731
47 21255 65 327 20498 25552 3255 21654
47 20928 64 327 20424 25461 3242 21576
47 20601 63 327 20351 25369 3232 21499
47 20274 62 327 20278 25278 3221 21421
47 19947 61 327 20205 25187 3210 21344
47 19620 60 327 20131 25096 3197 21267
47 19293 58 327 20058 25004 3187 21189
47 18966 58 327 19985 24913 3176 21112
47 18639 57 327 19912 24822 3164 21035
47 18312 56 327 19838 24730 3153 20957
47 17985 55 327 19765 24639 3142 20880
47 17658 54 327 19692 24548 3130 20803
47 17331 52 327 19619 24457 3119 20725
47 17004 52 327 19545 24365 3108 20648
47 16677 51 327 19472 24274 3096 20571
47 16350 50 327 19399 24183 3085 20493
47 16023 49 327 19326 24091 3075 20416
47 15696 48 327 19253 24000 3064 20338
47 15369 47 327 19179 23909 3051 20261
47 15042 46 327 19106 23817 3041 20184
47 14715 45 327 19033 23726 3030 20106
47 14388 44 327 18960 23635 3019 20029
47 14061 43 327 18886 23544 3006 19952
47 13734 42 327 18813 23452 2996 19874
47 13407 41 327 18740 23361 2985 19797
47 13080 40 327 18667 23270 2973 19720
47 12753 39 327 18593 23178 2962 19642
47 12426 38 327 18520 23087 2951 19565
47 12099 37 327 18447 22996 2939 19487
47 11772 36 327 18374 22905 2928 19410
47 11445 35 327 18301 22813 2918 19333
47 11118 34 327 18227 22722 2905 19255
47 10791 33 327 18154 22631 2894 19178
47 10464 32 327 18081 22539 2884 19100
47 10137 31 327 18008 22448 2873 19023
47 9810 30 327 17934 22357 2860 18946
47 9483 29 327 17861 22266 2849 18869
47 9156 28 327 17788 22174 2839 18791
47 8829 27 327 17715 22083 2828 18714
47 8502 26 327 17641 21992 2815 18637
47 8175 25 327 17568 21900 2805 18559
47 7848 24 327 17495 21809 2794 18482
47 7521 23 327 17422 21718 2782 18404
47 7194 22 327 17348 21626 2771 18327
47 6867 21 327 17275 21535 2760 18250
47 6540 20 327 17202 21444 2748 18172
47 6213 19 327 17129 21353 2737 18095
47 5886 18 327 17056 21261 2727 18017
47 5559 17 327 16982 21170 2714 17940
47 5232 16 327 16909 21079 2703 17863
47 4905 15 327 16836 20987 2693 17785
47 4578 14 327 16763 20896 2682 17708
47 4251 13 327 16689 20805 2669 17631
47 3924 12 327 16616 20714 2658 17553
47 3597 11 327 16543 20622 2648 17476
47 3270 10 327 16470 20531 2637 17399
47 2943 9 327 16396 20440 2624 17321
47 2616 8 327 16323 20348 2614 17244
47 2289 7 327 16250 20257 2603 17166
47 1962 6 327 16177 20166 2591 17089
47 1635 5 327 16104 20074 2581 17012
47 1308 4 327 16030 19983 2569 16934
47 981 3 327 15957 19892 2557 16857
47 654 2 327 15884 19801 2546 16780
47 327 1 327 15811 19709 2536 16702
48 32700 100 327 23192 29039 3539 24528
48 32373 99 327 23117 28945 3528 24449
48 32046 98 327 23043 28852 3518 24370
48 31719 97 327 22968 28758 3507 24291
48 31392 96 327 22893 28665 3495 24212
48 31065 95 327 22819 28571 3485 24133
48 30738 94 327 22744 28478 3473 24054
48 30411 93 327 22669 28384 3462 23975
48 30084 92 327 22594 28291 3450 23896
48 29757 91 327 22520 28197 3441 23817
48 29430 90 327 22445 28103 3430 23738
48 29103 89 327 22370 28010 3418 23659
48 28776 88 327 22296 27917 3407 23580
48 28449 87 327 22221 27823 3396 23501
48 28122 86 327 22146 27729 3385 23422
48 27795 85 327 22071 27636 3373 23343
48 27468 84 327 21997 27542 3363 23264
48 27141 83 327 21922 27449 3351 23185
48 26814 82 327 21847 27355 3340 23106
48 26487 81 327 21773 27261 3331 23027
48 26160 80 327 21698 27168 3319 22948
48 25833 79 327 21623 27074 3308 22869
48 25506 78 327 21548 26981 3296 22790
48 25179 77 327 21474 26887 3286 22711
48 24852 76 327 21399 26794 3274 22632
48 24525 75 327 21324 26700 3263 22553
48 24198 74 327 21250 26607 3253 22474
48 23871 73 327 21175 26513 3242 22395
48 23544 72 327 21100 26420 3230 22316
48 23217 71 327 21025 26326 3219 22237
48 22890 70 327 20951 26232 3209 22157
48 22563 69 327 20876 26139 3197 22079
48 22236 68 327 20801 26045 3187 21999
48 21909 67 327 20727 25952 3175 21921
48 21582 66 327 20652 25858 3164 21841
48 21255 65 327 20577 25765 3152 21763
48 20928 64 327 20502 25671 3141 21683
48 20601 63 327 20428 25578 3131 21605
48 20274 62 327 20353 25484 3120 21525
48 19947 61 327 20278 25391 3108 21447
48 19620 60 327 20204 25297 3098 21367
48 19293 58 327 20129 25203 3087 21288
48 18966 58 327 20054 25110 3075 21209
48 18639 57 327 19979 25016 3064 21130
48 18312 56 327 19905 24923 3054 21051
48 17985 55 327 19830 24829 3043 20972
48 17658 54 327 19755 24736 3031 20893
48 17331 52 327 19681 24642 3021 20814
48 17004 52 327 19606 24549 3009 20735
48 16677 51 327 19531 24455 2998 20656
48 16350 50 327 19457 24362 2987 20577
48 16023 49 327 19382 24268 2976 20498
48 15696 48 327 19307 24174 2965 20419
48 15369 47 327 19232 24081 2953 20340
48 15042 46 327 19158 23987 2944 20261
48 14715 45 327 19083 23894 2932 20182
48 14388 44 327 19008 23800 2921 20103
48 14062 43 327 18934 23707 2910 20024
48 13734 42 327 18859 23613 2899 19945
48 13407 41 327 18784 23520 2887 19866
48 13080 40 327 18709 23426 2876 19787
48 12753 39 327 18635 23332 2867 19708
48 12426 38 327 18560 23239 2855 19629
48 12099 37 327 18485 23145 2844 19550
48 11772 36 327 18411 23052 2833 19471
48 11445 35 327 18336 22958 2822 19392
48 11118 34 327 18261 22865 2810 19313
48 10791 33 327 18186 22771 2799 19234
48 10464 32 327 18112 22678 2788 19155
48 10138 31 327 18037 22584 2777 19076
48 9810 30 327 17962 22491 2765 18997
48 9483 29 327 17888 22397 2756 18918
48 9156 28 327 17813 22303 2745 18839
48 8829 27 327 17738 22210 2733 18760
48 8502 26 327 17663 22116 2722 18681
48 8175 25 327 17589 22023 2711 18602
48 7848 24 327 17514 21929 2700 18523
48 7521 23 327 17439 21836 2688 18444
48 7194 22 327 17365 21742 2679 18365
48 6867 21 327 17290 21649 2667 18286
48 6540 20 327 17215 21555 2656 18207
48 6213 19 327 17140 21462 2644 18128
48 5886 18 327 17066 21368 2634 18049
48 5559 17 327 16991 21274 2623 17970
48 5232 16 327 16916 21181 2611 17891
48 4905 15 327 16842 21087 2601 17812
48 4578 14 327 16767 20994 2589 17733
48 4251 13 327 16692 20900 2578 17654
48 3924 12 327 16617 20807 2566 17575
48 3597 11 327 16543 20713 2557 17496
48 3270 10 327 16468 20620 2545 17417
48 2943 9 327 16393 20526 2534 17338
48 2616 8 327 16319 20432 2524 17258
48 2289 7 327 16244 20339 2512 17180
48 1962 6 327 16169 20245 2501 17100
48 1635 5 327 16094 20152 2489 17022
48 1308 4 327 16020 20058 2480 16942
48 981 3 327 15945 19965 2468 16863
48 654 2 327 15870 19871 2457 16784
48 327 1 327 15796 19778 2446 16705
49 32700 100 327 23323 29332 3430 24695
49 32373 99 327 23247 29236 3419 24614
49 32046 98 327 23171 29140 3409 24533
49 31719 97 327 23095 29044 3399 24453
49 31392 96 327 23019 28949 3387 24372
49 31065 95 327 22942 28853 3375 24291
49 30738 94 327 22866 28757 3365 24211
49 30411 93 327 22790 28661 3355 24130
49 30084 92 327 22714 28565 3344 24049
49 29757 91 327 22638 28470 3333 23969
49 29430 90 327 22561 28374 3321 23888
49 29103 89 327 22485 28278 3311 23807
49 28776 88 327 22409 28182 3300 23727
49 28449 87 327 22333 28086 3290 23646
49 28122 86 327 22257 27990 3279 23565
49 27795 85 327 22180 27895 3267 23485
49 27468 84 327 22104 27799 3256 23404
49 27141 83 327 22028 27703 3246 23323
49 26814 82 327 21952 27607 3235 23243
49 26487 81 327 21876 27511 3225 23162
49 26160 80 327 21799 27416 3212 23081
49 25833 79 327 21723 27320 3202 23001
49 25506 78 327 21647 27224 3191 22920
49 25179 77 327 21571 27128 3181 22839
49 24852 76 327 21495 27032 3171 22759
49 24525 75 327 21419 26936 3160 22678
49 24198 74 327 21342 26841 3147 22597
49 23871 73 327 21266 26745 3137 22517
49 23544 72 327 21190 26649 3127 22436
49 23217 71 327 21114 26553 3116 22355
49 22890 70 327 21038 26457 3106 22274
49 22563 69 327 20961 26362 3093 22194
49 22236 68 327 20885 26266 3083 22113
49 21909 67 327 20809 26170 3072 22033
49 21582 66 327 20733 26074 3062 21952
49 21255 65 327 20657 25978 3051 21871
49 20928 64 327 20580 25882 3040 21790
49 20601 63 327 20504 25787 3028 21710
49 20274 62 327 20428 25691 3018 21629
49 19947 61 327 20352 25595 3007 21549
49 19620 60 327 20276 25499 2997 21468
49 19293 58 327 20200 25403 2987 21387
49 18966 58 327 20123 25308 2974 21307
49 18639 57 327 20047 25212 2963 21226
49 18312 56 327 19971 25116 2953 21145
49 17985 55 327 19895 25020 2943 21065
49 17658 54 327 19819 24924 2932 20984
49 17331 52 327 19742 24828 2920 20903
49 17004 52 327 19666 24733 2909 20823
49 16677 51 327 19590 24637 2899 20742
49 16350 50 327 19514 24541 2888 20661
49 16023 49 327 19438 24445 2878 20580
49 15696 48 327 19361 24349 2866 20500
49 15369 47 327 19285 24254 2855 20419
49 15043 46 327 19209 24158 2844 20339
49 14715 45 327 19133 24062 2834 20258
49 14388 44 327 19057 23966 2823 20177
49 14061 43 327 18980 23870 2812 20096
49 13734 42 327 18904 23774 2801 20016
49 13407 41 327 18828 23679 2790 19935
49 13080 40 327 18752 23583 2779 19855
49 12753 39 327 18676 23487 2769 19774
49 12426 38 327 18600 23391 2759 19693
49 12099 37 327 18523 23295 2747 19612
49 11772 36 327 18447 23200 2735 19532
49 11445 35 327 18371 23104 2725 19451
49 11118 34 327 18295 23008 2715 19371
49 10791 33 327 18219 22912 2704 19290
49 10464 32 327 18142 22816 2692 19209
49 10137 31 327 18066 22720 2682 19128
49 9810 30 327 17990 22625 2671 19048
49 9483 29 327 17914 22529 2660 18967
49 9156 28 327 17838 22433 2650 18886
49 8829 27 327 17761 22337 2638 18806
49 8502 26 327 17685 22241 2628 18725
49 8175 25 327 17609 22146 2616 18645
49 7848 24 327 17533 22050 2606 18564
49 7521 23 327 17457 21954 2595 18483
49 7194 22 327 17381 21858 2585 18402
49 6867 21 327 17304 21762 2573 18322
49 6540 20 327 17228 21666 2563 18241
49 6213 19 327 17152 21571 2551 18161
49 5886 18 327 17076 21475 2541 18080
49 5559 17 327 17000 21379 2531 17999
49 5232 16 327 16923 21283 2519 17918
49 4905 15 327 16847 21187 2508 17838
49 4578 14 327 16771 21092 2497 17757
49 4251 13 327 16695 20996 2487 17677
49 3924 12 327 16619 20900 2476 17596
49 3597 11 327 16542 20804 2466 17515
49 3270 10 327 16466 20708 2454 17434
49 2943 9 327 16390 20613 2443 17354
49 2616 8 327 16314 20517 2432 17273
49 2289 7 327 16238 20421 2422 17192
49 1962 6 327 16161 20325 2410 17112
49 1635 5 327 16085 20229 2400 17031
49 1308 4 327 16009 20133 2389 16950
49 981 3 327 15933 20038 2378 16870
49 654 2 327 15857 19942 2367 16789
49 327 1 327 15781 19846 2357 16708
50 32700 100 327 23454 29626 3319 24861
50 32373 99 327 23376 29528 3308 24779
50 32046 98 327 23299 29430 3298 24697
50 31719 97 327 23221 29332 3287 24614
50 31392 96 327 23143 29234 3276 24532
50 31065 95 327 23066 29136 3266 24450
50 30738 94 327 22988 29038 3255 24368
50 30411 93 327 22910 28940 3244 24285
50 30084 92 327 22833 28841 3235 24203
50 29757 91 327 22755 28743 3224 24120
50 29430 90 327 22677 28645 3212 24038
50 29103 89 327 22600 28547 3203 23956
50 28776 88 327 22522 28449 3191 23873
50 28449 87 327 22444 28351 3180 23791
50 28122 86 327 22367 28253 3170 23709
50 27795 85 327 22289 28155 3159 23627
50 27468 84 327 22211 28057 3148 23544
50 27141 83 327 22134 27959 3138 23462
50 26814 82 327 22056 27860 3128 23379
50 26487 81 327 21978 27762 3117 23297
50 26160 80 327 21901 27664 3107 23215
50 25833 79 327 21823 27566 3096 23133
50 25507 78 327 21746 27468 3086 23050
50 25179 77 327 21668 27370 3075 22968
50 24852 76 327 21590 27272 3064 22886
50 24526 75 327 21513 27174 3054 22804
50 24198 74 327 21435 27076 3043 22721
50 23871 73 327 21357 26978 3031 22639
50 23544 72 327 21280 26879 3023 22556
50 23217 71 327 21202 26781 3011 22474
50 22890 70 327 21124 26683 3000 22392
50 22563 69 327 21047 26585 2990 22309
50 22236 68 327 20969 26487 2979 22227
50 21909 67 327 20891 26389 2968 22145
50 21582 66 327 20814 26291 2958 22062
50 21255 65 327 20736 26193 2947 21980
50 20928 64 327 20658 26095 2936 21898
50 20601 63 327 20581 25997 2926 21816
50 20274 62 327 20503 25898 2916 21733
50 19947 61 327 20425 25800 2905 21651
50 19620 60 327 20348 25702 2895 21568
50 19293 58 327 20270 25604 2884 21486
50 18966 58 327 20192 25506 2872 21404
50 18639 57 327 20115 25408 2863 21321
50 18312 56 327 20037 25310 2851 21239
50 17985 55 327 19959 25212 2840 21157
50 17658 54 327 19882 25114 2830 21075
50 17331 52 327 19804 25016 2819 20992
50 17004 52 327 19726 24917 2809 20910
50 16677 51 327 19649 24819 2799 20827
50 16350 50 327 19571 24721 2788 20745
50 16023 49 327 19493 24623 2777 20663
50 15696 48 327 19416 24525 2767 20581
50 15369 47 327 19338 24427 2756 20498
50 15042 46 327 19260 24329 2745 20416
50 14715 45 327 19183 24231 2735 20334
50 14388 44 327 19105 24133 2724 20251
50 14061 43 327 19027 24035 2712 20169
50 13734 42 327 18950 23936 2704 20087
50 13407 41 327 18872 23838 2692 20004
50 13080 40 327 18794 23740 2681 19922
50 12753 39 327 18717 23642 2671 19840
50 12426 38 327 18639 23544 2660 19757
50 12099 37 327 18561 23446 2649 19675
50 11772 36 327 18484 23348 2639 19593
50 11445 35 327 18406 23250 2628 19510
50 11118 34 327 18328 23152 2617 19428
50 10791 33 327 18251 23054 2607 19346
50 10464 32 327 18173 22955 2597 19263
50 10137 31 327 18095 22857 2586 19181
50 9810 30 327 18018 22759 2576 19099
50 9483 29 327 17940 22661 2565 19016
50 9156 28 327 17862 22563 2553 18934
50 8829 27 327 17785 22465 2544 18852
50 8502 26 327 17707 22367 2532 18770
50 8175 25 327 17629 22269 2521 18687
50 7848 24 327 17552 22171 2511 18605
50 7521 23 327 17474 22073 2500 18523
50 7194 22 327 17396 21974 2490 18440
50 6867 21 327 17319 21876 2480 18358
50 6540 20 327 17241 21778 2469 18275
50 6213 19 327 17163 21680 2458 18193
50 5886 18 327 17086 21582 2448 18111
50 5559 17 327 17008 21484 2437 18029
50 5232 16 327 16930 21386 2426 17946
50 4905 15 327 16853 21288 2416 17864
50 4578 14 327 16775 21190 2405 17782
50 4251 13 327 16697 21092 2393 17699
50 3924 12 327 16620 20993 2385 17617
50 3597 11 327 16542 20895 2373 17535
50 3270 10 327 16464 20797 2362 17452
50 2943 9 327 16387 20699 2352 17370
50 2616 8 327 16309 20601 2341 17288
50 2289 7 327 16231 20503 2330 17205
50 1962 6 327 16154 20405 2320 17123
50 1635 5 327 16076 20307 2309 17041
50 1309 4 327 15999 20209 2298 16959
50 981 3 327 15921 20111 2288 16876
50 654 2 327 15843 20012 2278 16794
50 327 1 327 15765 19914 2267 16711
51 32700 100 327 23585 29922 3207 25028
51 32373 99 327 23505 29821 3196 24944
51 32046 98 327 23426 29721 3185 24860
51 31719 97 327 23347 29621 3174 24776
51 31392 96 327 23268 29520 3165 24692
51 31065 95 327 23189 29420 3154 24608
51 30738 94 327 23110 29319 3145 24524
51 30411 93 327 23031 29219 3134 24440
51 30084 92 327 22951 29119 3122 24356
51 29757 91 327 22872 29018 3112 24272
51 29430 90 327 22793 28918 3102 24188
51 29103 89 327 22714 28817 3092 24104
51 28776 88 327 22635 28717 3082 24020
51 28449 87 327 22556 28617 3071 23936
51 28122 86 327 22477 28516 3061 23852
51 27795 85 327 22398 28416 3051 23768
51 27468 84 327 22318 28315 3040 23684
51 27141 83 327 22239 28215 3029 23600
51 26814 82 327 22160 28115 3019 23516
51 26487 81 327 22081 28014 3009 23432
51 26160 80 327 22002 27914 2998 23348
51 25833 79 327 21923 27814 2988 23265
51 25506 78 327 21844 27713 2978 23180
51 25179 77 327 21765 27613 2968 23097
51 24852 76 327 21685 27512 2957 23012
51 24525 75 327 21606 27412 2946 22929
51 24198 74 327 21527 27312 2935 22845
51 23871 73 327 21448 27211 2926 22761
51 23544 72 327 21369 27111 2915 22677
51 23217 71 327 21290 27010 2906 22593
51 22890 70 327 21211 26910 2895 22509
51 22563 69 327 21131 26810 2883 22425
51 22236 68 327 21052 26709 2873 22341
51 21909 67 327 20973 26609 2863 22257
51 21582 66 327 20894 26508 2853 22173
51 21255 65 327 20815 26408 2843 22089
51 20928 64 327 20736 26308 2832 22005
51 20601 63 327 20657 26207 2822 21921
51 20274 62 327 20578 26107 2812 21837
51 19947 61 327 20498 26006 2801 21753
51 19620 60 327 20419 25906 2790 21669
51 19293 58 327 20340 25806 2780 21585
51 18966 58 327 20261 25705 2770 21501
51 18639 57 327 20182 25605 2759 21417
51 18312 56 327 20103 25504 2750 21333
51 17985 55 327 20024 25404 2739 21249
51 17658 54 327 19944 25304 2727 21165
51 17331 52 327 19865 25203 2718 21081
51 17004 52 327 19786 25103 2707 20997
51 16677 51 327 19707 25002 2697 20913
51 16350 50 327 19628 24902 2687 20829
51 16024 49 327 19549 24802 2676 20745
51 15696 48 327 19470 24701 2667 20661
51 15369 47 327 19391 24601 2656 20577
51 15042 46 327 19311 24500 2645 20493
51 14715 45 327 19232 24400 2634 20409
51 14388 44 327 19153 24300 2624 20325
51 14061 43 327 19074 24199 2614 20241
51 13734 42 327 18995 24099 2604 20157
51 13407 41 327 18916 23998 2594 20073
51 13080 40 327 18837 23898 2583 19989
51 12753 39 327 18757 23798 2571 19906
51 12426 38 327 18678 23697 2562 19821
51 12099 37 327 18599 23597 2551 19738
51 11772 36 327 18520 23496 2542 19653
51 11445 35 327 18441 23396 2531 19570
51 11118 34 327 18362 23296 2520 19486
51 10791 33 327 18283 23195 2511 19401
51 10464 32 327 18204 23095 2500 19318
51 10137 31 327 18124 22995 2488 19234
51 9810 30 327 18045 22894 2479 19150
51 9483 29 327 17966 22794 2468 19066
51 9156 28 327 17887 22693 2458 18982
51 8829 27 327 17808 22593 2448 18898
51 8502 26 327 17729 22493 2437 18814
51 8175 25 327 17650 22392 2428 18730
51 7848 24 327 17570 22292 2416 18646
51 7521 23 327 17491 22191 2406 18562
51 7194 22 327 17412 22091 2395 18478
51 6867 21 327 17333 21991 2385 18394
51 6540 20 327 17254 21890 2375 18310
51 6213 19 327 17175 21790 2365 18226
51 5886 18 327 17096 21689 2355 18142
51 5559 17 327 17017 21589 2344 18058
51 5232 16 327 16937 21489 2332 17974
51 4905 15 327 16858 21388 2323 17890
51 4578 14 327 16779 21288 2312 17806
51 4251 13 327 16700 21187 2303 17722
51 3924 12 327 16621 21087 2292 17638
51 3597 11 327 16542 20987 2281 17554
51 3270 10 327 16463 20886 2272 17470
51 2943 9 327 16384 20786 2261 17386
51 2616 8 327 16304 20686 2249 17303
51 2289 7 327 16225 20585 2240 17218
51 1962 6 327 16146 20485 2229 17134
51 1635 5 327 16067 20384 2219 17050
51 1308 4 327 15988 20284 2209 16966
51 981 3 327 15909 20183 2199 16882
51 654 2 327 15830 20083 2189 16798
51 327 1 327 15750 19983 2177 16714
52 32700 100 327 23715 30219 3092 25195
52 32373 99 327 23634 30116 3081 25109
52 32046 98 327 23553 30013 3071 25023
52 31719 97 327 23473 29911 3061 24938
52 31392 96 327 23392 29808 3050 24852
52 31065 95 327 23312 29705 3041 24766
52 30738 94 327 23231 29602 3031 24681
52 30411 93 327 23151 29500 3021 24595
52 30084 92 327 23070 29397 3011 24509
52 29757 91 327 22989 29294 3000 24424
52 29430 90 327 22909 29192 2990 24338
52 29103 89 327 22828 29089 2980 24253
52 28776 88 327 22748 28986 2971 24167
52 28449 87 327 22667 28884 2959 24081
52 28123 86 327 22587 28781 2949 23996
52 27795 85 327 22506 28678 2940 23910
52 27468 84 327 22425 28575 2930 23824
52 27141 83 327 22345 28473 2920 23739
52 26815 82 327 22264 28370 2909 23653
52 26487 81 327 22183 28267 2899 23567
52 26160 80 327 22103 28165 2889 23482
52 25833 79 327 22022 28062 2878 23396
52 25506 78 327 21942 27959 2869 23311
52 25179 77 327 21861 27857 2858 23225
52 24852 76 327 21780 27754 2848 23139
52 24525 75 327 21700 27651 2839 23054
52 24198 74 327 21619 27548 2828 22968
52 23871 73 327 21539 27446 2818 22883
52 23544 72 327 21458 27343 2808 22797
52 23217 71 327 21377 27240 2797 22711
52 22890 70 327 21297 27138 2787 22626
52 22563 69 327 21216 27035 2777 22540
52 22236 68 327 21136 26932 2768 22454
52 21909 67 327 21055 26830 2757 22369
52 21582 66 327 20974 26727 2746 22283
52 21255 65 327 20894 26624 2737 22197
52 20928 64 327 20813 26521 2727 22112
52 20602 63 327 20733 26419 2717 22027
52 20274 62 327 20652 26316 2706 21941
52 19947 61 327 20571 26213 2696 21855
52 19620 60 327 20491 26111 2686 21769
52 19293 58 327 20410 26008 2676 21684
52 18966 58 327 20330 25905 2667 21598
52 18639 57 327 20249 25803 2655 21513
52 18312 56 327 20168 25700 2645 21427
52 17985 55 327 20088 25597 2636 21341
52 17658 54 327 20007 25494 2625 21255
52 17331 52 327 19927 25392 2615 21170
52 17005 52 327 19846 25289 2605 21085
52 16677 51 327 19765 25186 2595 20999
52 16350 50 327 19685 25084 2585 20913
52 16023 49 327 19604 24981 2574 20827
52 15696 48 327 19524 24878 2565 20742
52 15369 47 327 19443 24775 2555 20656
52 15042 46 327 19362 24673 2543 20571
52 14715 45 327 19282 24570 2534 20485
52 14388 44 327 19201 24467 2524 20399
52 14061 43 327 19121 24365 2514 20314
52 13734 42 327 19040 24262 2504 20228
52 13407 41 327 18959 24159 2493 20142
52 13080 40 327 18879 24056 2484 20057
52 12753 39 327 18798 23954 2473 19971
52 12426 38 327 18718 23851 2464 19886
52 12099 37 327 18637 23748 2453 19800
52 11772 36 327 18556 23646 2442 19714
52 11445 35 327 18476 23543 2433 19629
52 11118 34 327 18395 23440 2423 19543
52 10791 33 327 18315 23338 2413 19458
52 10464 32 327 18234 23235 2402 19372
52 10137 31 327 18153 23132 2392 19286
52 9810 30 327 18073 23029 2383 19200
52 9483 29 327 17992 22927 2371 19115
52 9156 28 327 17912 22824 2362 19029
52 8829 27 327 17831 22721 2352 18944
52 8502 26 327 17750 22619 2341 18858
52 8175 25 327 17670 22516 2332 18772
52 7848 24 327 17589 22413 2321 18687
52 7521 23 327 17509 22311 2311 18601
52 7194 22 327 17428 22208 2301 18516
52 6867 21 327 17347 22105 2290 18430
52 6540 20 327 17267 22002 2281 18344
52 6213 19 327 17186 21900 2270 18259
52 5886 18 327 17106 21797 2261 18173
52 5559 17 327 17025 21694 2251 18087
52 5233 16 327 16945 21592 2239 18002
52 4905 15 327 16864 21489 2230 17916
52 4578 14 327 16783 21386 2220 17830
52 4251 13 327 16703 21283 2211 17745
52 3924 12 327 16622 21181 2199 17659
52 3597 11 327 16541 21078 2189 17574
52 3270 10 327 16461 20975 2180 17488
52 2943 9 327 16380 20873 2169 17402
52 2616 8 327 16300 20770 2160 17317
52 2289 7 327 16219 20667 2149 17231
52 1962 6 327 16138 20565 2138 17146
52 1635 5 327 16058 20462 2129 17060
52 1308 4 327 15977 20359 2118 16974
52 981 3 327 15897 20256 2109 16888
52 654 2 327 15816 20154 2098 16803
52 327 1 327 15735 20051 2088 16717
53 32700 100 327 23845 30517 2976 25361
53 32373 99 327 23762 30412 2964 25274
53 32046 98 327 23680 30307 2955 25187
53 31719 97 327 23598 30202 2945 25099
53 31392 96 327 23516 30097 2935 25012
53 31065 95 327 23434 29992 2925 24925
53 30738 94 327 23352 29887 2915 24837
53 30411 93 327 23270 29782 2906 24750
53 30084 92 327 23188 29677 2896 24663
53 29757 91 327 23106 29572 2886 24576
53 29430 90 327 23024 29467 2876 24488
53 29103 89 327 22942 29362 2866 24401
53 28777 88 327 22860 29257 2857 24314
53 28449 87 327 22778 29152 2847 24226
53 28122 86 327 22696 29047 2837 24139
53 27795 85 327 22614 28942 2827 24052
53 27468 84 327 22532 28837 2817 23965
53 27141 83 327 22449 28732 2806 23877
53 26814 82 327 22367 28626 2799 23790
53 26487 81 327 22285 28521 2788 23703
53 26160 80 327 22203 28416 2778 23615
53 25833 79 327 22121 28311 2768 23528
53 25506 78 327 22039 28206 2758 23441
53 25179 77 327 21957 28101 2748 23353
53 24852 76 327 21875 27996 2739 23266
53 24525 75 327 21793 27891 2729 23179
53 24199 74 327 21711 27787 2718 23092
53 23872 73 327 21629 27682 215 23005
53 23544 72 327 21547 27576 216 22917
53 23217 71 327 21465 27471 215 22830
53 22890 70 327 21383 27366 215 22743
53 22563 69 327 21301 27261 215 22655
53 22236 68 327 21219 27156 215 22568
53 21909 67 327 21136 27051 215 22481
53 21582 66 327 21054 26946 215 22393
53 21255 65 327 20972 26841 215 22306
53 20928 64 327 20890 26736 215 22219
53 20601 63 327 20808 26631 215 22132
53 20274 62 327 20726 26526 215 22044
53 19947 61 327 20644 26421 215 21957
53 19620 60 327 20562 26316 215 21870
53 19293 58 327 20480 26211 215 21783
53 18966 58 327 20398 26106 215 21695
53 18639 57 327 20316 26001 215 21608
53 18312 56 327 20234 25896 215 21521
53 17985 55 327 20152 25791 215 21433
53 17658 54 327 20070 25686 215 21346
53 17331 52 327 19988 25581 215 21259
53 17004 52 327 19906 25476 215 21172
53 16677 51 327 19823 25371 215 21084
53 16350 50 327 19741 25266 215 20997
53 16023 49 327 19659 25161 215 20910
53 15696 48 327 19577 25056 215 20823
53 15369 47 327 19495 24951 215 20735
53 15042 46 327 19413 24846 215 20648
53 14715 45 327 19331 24741 215 20561
53 14388 44 327 19249 24635 216 20473
53 14061 43 327 19167 24530 215 20386
53 13734 42 327 19085 24425 215 20299
53 13407 41 327 19003 24320 215 20211
53 13080 40 327 18921 24215 215 20124
53 12753 39 327 18839 24110 215 20037
53 12426 38 327 18757 24005 215 19949
53 12099 37 327 18675 23900 215 19862
53 11772 36 327 18593 23795 215 19775
53 11445 35 327 18510 23690 215 19688
53 11118 34 327 18428 23585 215 19600
53 10791 33 327 18346 23480 215 19513
53 10464 32 327 18264 23375 215 19426
53 10137 31 327 18182 23270 215 19339
53 9810 30 327 18100 23165 215 19251
53 9483 29 327 18018 23060 215 19164
53 9156 28 327 17936 22955 215 19077
53 8829 27 327 17854 22850 215 18989
53 8502 26 327 17772 22745 215 18902
53 8175 25 327 17690 22640 215 18815
53 7848 24 327 17608 22535 215 18728
53 7521 23 327 17526 22430 215 18640
53 7194 22 327 17444 22325 215 18553
53 6867 21 327 17362 22220 215 18466
53 6540 20 327 17280 22115 215 18379
53 6213 19 327 17197 22010 215 18291
53 5886 18 327 17115 21905 215 18204
53 5559 17 327 17033 21800 215 18117
53 5232 16 327 16951 21695 215 18029
53 4905 15 327 16869 21590 215 17942
53 4578 14 327 16787 21485 215 17855
53 4251 13 327 16705 21380 215 17768
53 3924 12 327 16623 21275 215 17680
53 3597 11 327 16541 21170 215 17593
53 3270 10 327 16459 21065 215 17506
53 2943 9 327 16377 20960 215 17419
53 2616 8 327 16295 20855 215 17331
53 2289 7 327 16213 20750 215 17244
53 1962 6 327 16131 20645 215 17157
53 1635 5 327 16049 20539 216 17069
53 1308 4 327 15967 20434 215 16982
53 981 3 327 15884 20329 215 16895
53 654 2 327 15802 20224 215 16807
53 327 1 327 15720 20119 215 16720
54 32700 100 327 23974 30816 5255 25527
54 32373 99 327 23890 30709 217 25439
54 32046 98 327 23807 30602 217 25350
54 31719 97 327 23723 30494 218 25261
54 31392 96 327 23640 30387 217 25172
54 31065 95 327 23556 30280 217 25083
54 30738 94 327 23473 30172 218 24994
54 30411 93 327 23389 30065 217 24905
54 30084 92 327 23306 29958 217 24816
54 29757 91 327 23222 29851 217 24728
54 29431 90 327 23139 29743 218 24638
54 29103 89 327 23055 29636 217 24549
54 28776 88 327 22972 29528 218 24460
54 28449 87 327 22888 29421 217 24371
54 28122 86 327 22805 29313 218 24282
54 27795 85 327 22721 29206 217 24193
54 27468 84 327 22638 29099 217 24105
54 27141 83 327 22554 28991 218 24016
54 26814 82 327 22471 28884 217 23927
54 26487 81 327 22387 28777 217 23838
54 26160 80 327 22304 28669 218 23749
54 25833 79 327 22220 28562 217 23660
54 25506 78 327 22137 28455 217 23571
54 25179 77 327 22053 28347 218 23482
54 24852 76 327 21969 28240 217 23393
54 24526 75 327 21886 28133 217 23304
54 24198 74 327 21802 28025 218 23215
54 23871 73 327 21719 27918 217 23126
54 23544 72 327 21635 27810 218 23037
54 23217 71 327 21552 27703 217 22948
54 22890 70 327 21468 27596 217 22860
54 22563 69 327 21385 27488 218 22771
54 22236 68 327 21301 27381 217 22682
54 21909 67 327 21218 27274 217 22593
54 21582 66 327 21134 27166 218 22504
54 21255 65 327 21051 27059 217 22415
54 20928 64 327 20967 26951 218 22326
54 20601 63 327 20884 26844 217 22237
54 20274 62 327 20800 26737 217 22148
54 19947 61 327 20717 26629 218 22059
54 19620 60 327 20633 26522 217 21970
54 19293 58 327 20550 26415 217 21881
54 18966 58 327 20466 26307 218 21792
54 18639 57 327 20383 26200 217 21703
54 18312 56 327 20299 26093 217 21615
54 17985 55 327 20215 25985 218 21525
54 17658 54 327 20132 25878 217 21437
54 17331 52 327 20048 25771 217 21348
54 17004 52 327 19965 25663 218 21259
54 16677 51 327 19881 25556 217 21170
54 16350 50 327 19798 25448 218 21081
54 16023 49 327 19714 25341 217 20992
54 15696 48 327 19631 25234 217 20903
54 15369 47 327 19547 25127 217 20814
54 15042 46 327 19464 25019 218 20725
54 14715 45 327 19380 24912 217 20636
54 14388 44 327 19297 24804 218 20547
54 14061 43 327 19213 24697 217 20458
54 13734 42 327 19130 24590 217 20369
54 13407 41 327 19046 24482 218 20280
54 13080 40 327 18963 24375 217 20191
54 12753 39 327 18879 24267 218 20102
54 12426 38 327 18796 24160 217 20014
54 12099 37 327 18712 24053 217 19925
54 11772 36 327 18629 23945 218 19836
54 11445 35 327 18545 23838 217 19747
54 11118 34 327 18462 23731 217 19658
54 10791 33 327 18378 23623 218 19569
54 10464 32 327 18294 23516 217 19480
54 10137 31 327 18211 23409 217 19391
54 9810 30 327 18127 23301 218 19302
54 9483 29 327 18044 23194 217 19213
54 9156 28 327 17960 23087 217 19124
54 8829 27 327 17877 22979 218 19035
54 8502 26 327 17793 22872 217 18946
54 8175 25 327 17710 22764 218 18857
54 7848 24 327 17626 22657 217 18768
54 7521 23 327 17543 22550 217 18680
54 7194 22 327 17459 22442 218 18591
54 6867 21 327 17376 22335 217 18502
54 6540 20 327 17292 22228 217 18413
54 6213 19 327 17209 22120 218 18324
54 5886 18 327 17125 22013 217 18235
54 5559 17 327 17042 21906 217 18146
54 5232 16 327 16958 21798 218 18057
54 4905 15 327 16875 21691 217 17968
54 4578 14 327 16791 21583 218 17879
54 4251 13 327 16708 21476 217 17790
54 3924 12 327 16624 21369 217 17701
54 3597 11 327 16541 21261 218 17612
54 3270 10 327 16457 21154 217 17523
54 2943 9 327 16373 21047 217 17435
54 2616 8 327 16290 20939 218 17345
54 2289 7 327 16206 20832 217 17257
54 1962 6 327 16123 20725 217 17168
54 1635 5 327 16039 20617 218 17079
54 1308 4 327 15956 20510 217 16990
54 981 3 327 15872 20402 218 16901
54 654 2 327 15789 20295 217 16812
54 327 1 327 15705 20188 217 16723
55 32700 100 327 24103 31117 5147 25694
55 32373 99 327 24018 31008 219 25604
55 32047 98 327 23933 30898 220 25513
55 31719 97 327 23848 30788 220 25422
55 31392 96 327 23763 30678 220 25331
55 31065 95 327 23678 30569 219 25241
55 30738 94 327 23593 30459 220 25150
55 30411 93 327 23508 30349 220 25060
55 30084 92 327 23423 30240 219 24969
55 29757 91 327 23338 30130 220 24879
55 29430 90 327 23253 30020 220 24788
55 29103 89 327 23168 29911 219 24698
55 28776 88 327 23083 29801 220 24607
55 28449 87 327 22998 29691 220 24516
55 28122 86 327 22913 29581 220 24426
55 27795 85 327 22828 29472 219 24335
55 27468 84 327 22744 29362 220 24245
55 27141 83 327 22659 29252 220 24154
55 26814 82 327 22574 29143 219 24064
55 26487 81 327 22489 29033 220 23973
55 26160 80 327 22404 28923 220 23882
55 25833 79 327 22319 28813 220 23792
55 25506 78 327 22234 28704 219 23701
55 25179 77 327 22149 28594 220 23610
55 24852 76 327 22064 28484 220 23520
55 24525 75 327 21979 28375 219 23429
55 24198 74 327 21894 28265 220 23339
55 23871 73 327 21809 28155 220 23248
55 23544 72 327 21724 28045 220 23157
55 23217 71 327 21639 27936 219 23067
55 22890 70 327 21554 27826 220 22976
55 22563 69 327 21469 27716 220 22886
55 22236 68 327 21384 27607 219 22795
55 21909 67 327 21299 27497 220 22705
55 21582 66 327 21214 27387 220 22614
55 21255 65 327 21129 27278 219 22524
55 20928 64 327 21044 27168 220 22433
55 20601 63 327 20959 27058 220 22342
55 20274 62 327 20874 26948 220 22252
55 19947 61 327 20789 26839 219 22161
55 19620 60 327 20704 26729 220 22070
55 19293 58 327 20619 26619 220 21980
55 18966 58 327 20534 26510 219 21889
55 18639 57 327 20449 26400 220 21799
55 18312 56 327 20364 26290 220 21708
55 17985 55 327 20279 26180 220 21617
55 17658 54 327 20194 26071 219 21527
55 17331 52 327 20109 25961 220 21436
55 17004 52 327 20024 25851 220 21346
55 16677 51 327 19939 25742 219 21255
55 16350 50 327 19854 25632 220 21165
55 16023 49 327 19769 25522 220 21074
55 15696 48 327 19684 25412 220 20983
55 15369 47 327 19599 25303 219 20893
55 15042 46 327 19514 25193 220 20802
55 14715 45 327 19429 25083 220 20712
55 14388 44 327 19344 24974 219 20621
55 14061 43 327 19259 24864 220 20531
55 13734 42 327 19174 24754 220 20440
55 13407 41 327 19089 24645 219 20349
55 13080 40 327 19004 24535 220 20259
55 12753 39 327 18919 24425 220 20168
55 12426 38 327 18834 24315 220 20077
55 12099 37 327 18749 24206 219 19987
55 11772 36 327 18665 24096 220 19896
55 11445 35 327 18580 23986 220 19806
55 11118 34 327 18495 23877 219 19715
55 10791 33 327 18410 23767 220 19625
55 10464 32 327 18325 23657 220 19534
55 10137 31 327 18240 23547 220 19443
55 9810 30 327 18155 23438 219 19353
55 9483 29 327 18070 23328 220 19262
55 9156 28 327 17985 23218 220 19172
55 8829 27 327 17900 23109 219 19081
55 8502 26 327 17815 22999 220 18991
55 8175 25 327 17730 22889 220 18900
55 7848 24 327 17645 22779 220 18809
55 7521 23 327 17560 22670 219 18719
55 7194 22 327 17475 22560 220 18628
55 6867 21 327 17390 22450 220 18537
55 6540 20 327 17305 22341 219 18447
55 6213 19 327 17220 22231 220 18356
55 5886 18 327 17135 22121 220 18266
55 5559 17 327 17050 22012 219 18175
55 5233 16 327 16965 21902 220 18085
55 4905 15 327 16880 21792 220 17994
55 4578 14 327 16795 21682 220 17903
55 4251 13 327 16710 21573 219 17813
55 3924 12 327 16625 21463 220 17722
55 3597 11 327 16540 21353 220 17632
55 3270 10 327 16455 21244 219 17541
55 2943 9 327 16370 21134 220 17451
55 2616 8 327 16285 21024 220 17360
55 2289 7 327 16200 20914 220 17269
55 1962 6 327 16115 20805 219 17179
55 1635 5 327 16030 20695 220 17088
55 1308 4 327 15945 20585 220 16997
55 981 3 327 15860 20476 219 16907
55 654 2 327 15775 20366 220 16816
55 327 1 327 15690 20256 220 16726
56 32700 100 327 24232 31419 5039 25860
56 32373 99 327 24146 31307 222 25768
56 32046 98 327 24059 31195 222 25676
56 31719 97 327 23973 31083 222 25584
56 31392 96 327 23886 30971 222 25491
56 31065 95 327 23800 30859 222 25399
56 30738 94 327 23713 30747 222 25307
56 30411 93 327 23627 30635 222 25215
56 30084 92 327 23541 30523 222 25122
56 29757 91 327 23454 30411 222 25030
56 29431 90 327 23368 30299 222 24938
56 29103 89 327 23281 30187 222 24846
56 28776 88 327 23195 30075 222 24754
56 28449 87 327 23108 29963 222 24661
56 28122 86 327 23022 29850 223 24569
56 27795 85 327 22936 29738 222 24477
56 27468 84 327 22849 29626 222 24384
56 27141 83 327 22763 29514 222 24292
56 26814 82 327 22676 29402 222 24200
56 26487 81 327 22590 29290 222 24108
56 26160 80 327 22503 29178 222 24016
56 25833 79 327 22417 29066 222 23923
56 25506 78 327 22330 28954 222 23831
56 25179 77 327 22244 28842 222 23739
56 24852 76 327 22158 28730 222 23647
56 24525 75 327 22071 28618 222 23554
56 24198 74 327 21985 28506 222 23462
56 23871 73 327 21898 28394 222 23370
56 23544 72 327 21812 28282 222 23278
56 23217 71 327 21725 28169 223 23185
56 22890 70 327 21639 28057 222 23093
56 22563 69 327 21553 27945 222 23001
56 22236 68 327 21466 27833 222 22909
56 21909 67 327 21380 27721 222 22816
56 21582 66 327 21293 27609 222 22724
56 21255 65 327 21207 27497 222 22632
56 20928 64 327 21120 27385 222 22540
56 20601 63 327 21034 27273 222 22448
56 20274 62 327 20948 27161 222 22355
56 19947 61 327 20861 27049 222 22263
56 19620 60 327 20775 26937 222 22171
56 19293 58 327 20688 26825 222 22079
56 18966 58 327 20602 26713 222 21986
56 18639 57 327 20515 26600 223 21894
56 18312 56 327 20429 26488 222 21802
56 17985 55 327 20343 26376 222 21709
56 17658 54 327 20256 26264 222 21617
56 17331 52 327 20170 26152 222 21525
56 17004 52 327 20083 26040 222 21433
56 16677 51 327 19997 25928 222 21341
56 16350 50 327 19910 25816 222 21248
56 16024 49 327 19824 25704 222 21156
56 15696 48 327 19738 25592 222 21064
56 15369 47 327 19651 25480 222 20972
56 15042 46 327 19565 25368 222 20879
56 14715 45 327 19478 25256 222 20787
56 14388 44 327 19392 25144 222 20695
56 14061 43 327 19305 25032 222 20603
56 13734 42 327 19219 24919 223 20510
56 13407 41 327 19132 24807 222 20418
56 13081 40 327 19046 24696 221 20326
56 12753 39 327 18960 24583 223 20234
56 12426 38 327 18873 24471 222 20141
56 12099 37 327 18787 24359 222 20049
56 11772 36 327 18700 24247 222 19957
56 11445 35 327 18614 24135 222 19865
56 11118 34 327 18527 24023 222 19773
56 10791 33 327 18441 23911 222 19680
56 10464 32 327 18355 23799 222 19588
56 10137 31 327 18268 23687 222 19496
56 9810 30 327 18182 23575 222 19404
56 9483 29 327 18095 23463 222 19311
56 9156 28 327 18009 23350 223 19219
56 8829 27 327 17922 23238 222 19127
56 8502 26 327 17836 23126 222 19034
56 8175 25 327 17750 23014 222 18942
56 7848 24 327 17663 22902 222 18850
56 7521 23 327 17577 22790 222 18758
56 7194 22 327 17490 22678 222 18666
56 6867 21 327 17404 22566 222 18573
56 6540 20 327 17317 22454 222 18481
56 6213 19 327 17231 22342 222 18389
56 5886 18 327 17145 22230 222 18297
56 5559 17 327 17058 22118 222 18204
56 5232 16 327 16972 22006 222 18112
56 4905 15 327 16885 21894 222 18020
56 4578 14 327 16799 21781 223 17928
56 4251 13 327 16712 21669 222 17835
56 3924 12 327 16626 21557 222 17743
56 3597 11 327 16540 21445 222 17651
56 3270 10 327 16453 21333 222 17559
56 2944 9 327 16367 21221 222 17467
56 2616 8 327 16280 21109 222 17374
56 2289 7 327 16194 20997 222 17282
56 1962 6 327 16107 20885 222 17190
56 1635 5 327 16021 20773 222 17098
56 1308 4 327 15934 20661 222 17005
56 981 3 327 15848 20549 222 16913
56 654 2 327 15762 20437 222 16821
56 327 1 327 15675 20325 222 16729
57 32700 100 327 24361 31723 4928 26027
57 32373 99 327 24273 31608 225 25933
57 32046 98 327 24185 31494 224 25839
57 31719 97 327 24097 31380 224 25745
57 31392 96 327 24009 31265 225 25651
57 31065 95 327 23921 31151 224 25557
57 30738 94 327 23833 31036 225 25463
57 30411 93 327 23745 30922 224 25370
57 30084 92 327 23657 30807 225 25276
57 29757 91 327 23570 30693 224 25182
57 29430 90 327 23482 30578 225 25088
57 29103 89 327 23394 30464 224 24994
57 28776 88 327 23306 30350 224 24900
57 28449 87 327 23218 30235 225 24806
57 28122 86 327 23130 30121 224 24712
57 27795 85 327 23042 30006 225 24618
57 27468 84 327 22954 29892 224 24525
57 27141 83 327 22867 29777 225 24430
57 26814 82 327 22779 29663 224 24337
57 26487 81 327 22691 29548 225 24243
57 26160 80 327 22603 29434 224 24149
57 25833 79 327 22515 29320 224 24055
57 25507 78 327 22427 29206 224 23962
57 25179 77 327 22339 29091 225 23867
57 24852 76 327 22251 28976 225 23773
57 24525 75 327 22163 28862 224 23679
57 24198 74 327 22076 28747 225 23585
57 23871 73 327 21988 28633 224 23492
57 23544 72 327 21900 28519 224 23398
57 23217 71 327 21812 28404 225 23304
57 22890 70 327 21724 28290 224 23210
57 22563 69 327 21636 28175 225 23116
57 22236 68 327 21548 28061 224 23022
57 21909 67 327 21460 27946 225 22928
57 21582 66 327 21373 27832 224 22834
57 21255 65 327 21285 27717 225 22740
57 20928 64 327 21197 27603 224 22647
57 20601 63 327 21109 27489 224 22553
57 20274 62 327 21021 27374 225 22459
57 19947 61 327 20933 27260 224 22365
57 19620 60 327 20845 27145 225 22271
57 19293 58 327 20757 27031 224 22177
57 18966 58 327 20669 26916 225 22083
57 18639 57 327 20582 26802 224 21989
57 18312 56 327 20494 26687 225 21895
57 17985 55 327 20406 26573 224 21802
57 17658 54 327 20318 26459 224 21708
57 17331 52 327 20230 26344 225 21614
57 17004 52 327 20142 26230 224 21520
57 16677 51 327 20054 26115 225 21426
57 16350 50 327 19966 26001 224 21332
57 16023 49 327 19878 25886 225 21238
57 15696 48 327 19791 25772 224 21144
57 15369 47 327 19703 25658 224 21051
57 15042 46 327 19615 25543 225 20957
57 14715 45 327 19527 25429 224 20863
57 14388 44 327 19439 25314 225 20769
57 14061 43 327 19351 25200 224 20675
57 13734 42 327 19263 25085 225 20581
57 13407 41 327 19175 24971 224 20487
57 13080 40 327 19088 24856 225 20393
57 12753 39 327 19000 24742 224 20299
57 12426 38 327 18912 24627 225 20205
57 12099 37 327 18824 24513 224 20111
57 11772 36 327 18736 24399 224 20018
57 11445 35 327 18648 24284 225 19924
57 11118 34 327 18560 24170 224 19830
57 10791 33 327 18472 24055 225 19736
57 10464 32 327 18384 23941 224 19642
57 10137 31 327 18297 23826 225 19548
57 9810 30 327 18209 23712 224 19454
57 9483 29 327 18121 23597 225 19360
57 9156 28 327 18033 23483 224 19266
57 8829 27 327 17945 23369 224 19173
57 8502 26 327 17857 23254 225 19079
57 8175 25 327 17769 23140 224 18985
57 7848 24 327 17681 23025 225 18891
57 7521 23 327 17594 22911 224 18797
57 7194 22 327 17506 22796 225 18703
57 6867 21 327 17418 22682 224 18609
57 6540 20 327 17330 22567 225 18515
57 6213 19 327 17242 22453 224 18421
57 5886 18 327 17154 22339 224 18328
57 5559 17 327 17066 22224 225 18234
57 5232 16 327 16978 22110 224 18140
57 4906 15 327 16891 21996 224 18046
57 4578 14 327 16803 21881 225 17952
57 4251 13 327 16715 21766 225 17858
57 3924 12 327 16627 21652 224 17764
57 3597 11 327 16539 21537 225 17670
57 3270 10 327 16451 21423 224 17576
57 2943 9 327 16363 21309 224 17483
57 2617 8 327 16276 21194 225 17389
57 2289 7 327 16187 21080 224 17295
57 1962 6 327 16100 20965 225 17201
57 1635 5 327 16012 20851 224 17107
57 1308 4 327 15924 20736 225 17013
57 981 3 327 15836 20622 224 16919
57 654 2 327 15748 20507 225 16825
57 327 1 327 15660 20393 224 16731
58 32700 100 327 24489 32028 4815 26193
58 32373 99 327 24399 31911 227 26098
58 32046 98 327 24310 31794 227 26002
58 31719 97 327 24221 31677 227 25906
58 31392 96 327 24131 31560 227 25811
58 31065 95 327 24042 31444 226 25716
58 30738 94 327 23953 31327 227 25620
58 30411 93 327 23863 31210 227 25524
58 30084 92 327 23774 31093 227 25429
58 29757 91 327 23685 30976 227 25333
58 29430 90 327 23595 30859 227 25238
58 29103 89 327 23506 30743 226 25142
58 28776 88 327 23417 30626 227 25047
58 28449 87 327 23327 30509 227 24951
58 28122 86 327 23238 30392 227 24855
58 27795 85 327 23149 30275 227 24760
58 27468 84 327 23059 30158 227 24664
58 27141 83 327 22970 30042 226 24569
58 26814 82 327 22881 29925 227 24473
58 26487 81 327 22791 29808 227 24378
58 26160 80 327 22702 29691 227 24282
58 25833 79 327 22613 29574 227 24187
58 25506 78 327 22523 29457 227 24091
58 25179 77 327 22434 29341 226 23996
58 24852 76 327 22345 29224 227 23900
58 24525 75 327 22255 29107 227 23804
58 24198 74 327 22166 28990 227 23709
58 23871 73 327 22077 28873 227 23613
58 23544 72 327 21987 28756 227 23518
58 23217 71 327 21898 28640 226 23422
58 22890 70 327 21809 28523 227 23327
58 22563 69 327 21719 28406 227 23231
58 22236 68 327 21630 28289 227 23136
58 21910 67 327 21541 28173 226 23040
58 21582 66 327 21451 28055 228 22944
58 21255 65 327 21362 27939 226 22849
58 20928 64 327 21273 27822 227 22753
58 20601 63 327 21183 27705 227 22658
58 20274 62 327 21094 27588 227 22562
58 19947 61 327 21005 27471 227 22467
58 19620 60 327 20916 27354 227 22371
58 19293 58 327 20826 27238 226 22276
58 18966 58 327 20737 27121 227 22180
58 18639 57 327 20648 27004 227 22085
58 18312 56 327 20558 26887 227 21989
58 17986 55 327 20469 26771 226 21894
58 17658 54 327 20380 26653 228 21798
58 17331 52 327 20290 26537 226 21703
58 17004 52 327 20201 26420 227 21607
58 16677 51 327 20112 26303 227 21511
58 16350 50 327 20022 26186 227 21416
58 16023 49 327 19933 26069 227 21320
58 15696 48 327 19844 25952 227 21225
58 15369 47 327 19754 25836 226 21129
58 15042 46 327 19665 25719 227 21034
58 14715 45 327 19576 25602 227 20938
58 14388 44 327 19486 25485 227 20842
58 14061 43 327 19397 25368 227 20747
58 13734 42 327 19308 25252 226 20652
58 13407 41 327 19218 25135 227 20556
58 13080 40 327 19129 25018 227 20460
58 12753 39 327 19040 24901 227 20365
58 12426 38 327 18950 24784 227 20269
58 12099 37 327 18861 24667 227 20174
58 11772 36 327 18772 24551 226 20078
58 11445 35 327 18682 24434 227 19983
58 11118 34 327 18593 24317 227 19887
58 10791 33 327 18504 24200 227 19791
58 10464 32 327 18414 24083 227 19696
58 10137 31 327 18325 23966 227 19600
58 9810 30 327 18236 23850 226 19505
58 9483 29 327 18146 23733 227 19409
58 9156 28 327 18057 23616 227 19314
58 8830 27 327 17968 23499 227 19218
58 8502 26 327 17878 23382 227 19123
58 8175 25 327 17789 23265 227 19027
58 7848 24 327 17700 23149 226 18932
58 7521 23 327 17610 23032 227 18836
58 7194 22 327 17521 22915 227 18740
58 6867 21 327 17432 22798 227 18645
58 6540 20 327 17342 22681 227 18549
58 6213 19 327 17253 22564 227 18454
58 5886 18 327 17164 22448 226 18358
58 5559 17 327 17074 22331 227 18263
58 5232 16 327 16985 22214 227 18167
58 4905 15 327 16896 22097 227 18072
58 4578 14 327 16806 21980 227 17976
58 4251 13 327 16717 21863 227 17880
58 3924 12 327 16628 21747 226 17785
58 3597 11 327 16538 21630 227 17689
58 3270 10 327 16449 21513 227 17594
58 2943 9 327 16360 21396 227 17498
58 2616 8 327 16270 21279 227 17403
58 2289 7 327 16181 21162 227 17307
58 1962 6 327 16092 21046 226 17212
58 1635 5 327 16002 20929 227 17116
58 1308 4 327 15913 20812 227 17021
58 981 3 327 15824 20695 227 16925
58 654 2 327 15734 20578 227 16829
58 327 1 327 15645 20461 227 16734
59 32700 100 327 24617 32334 4701 26359
59 32373 99 327 24526 32215 229 26262
59 32046 98 327 24435 32095 230 26165
59 31719 97 327 24344 31976 229 26068
59 31392 96 327 24253 31857 229 25971
59 31065 95 327 24163 31738 229 25874
59 30739 94 327 24072 31619 229 25777
59 30411 93 327 23981 31499 230 25679
59 30084 92 327 23890 31380 229 25582
59 29757 91 327 23800 31261 229 25485
59 29430 90 327 23709 31141 230 25387
59 29103 89 327 23618 31022 229 25290
59 28776 88 327 23527 30903 229 25193
59 28449 87 327 23437 30784 229 25096
59 28122 86 327 23346 30665 229 24999
59 27795 85 327 23255 30545 230 24901
59 27468 84 327 23164 30426 229 24804
59 27141 83 327 23073 30307 229 24707
59 26814 82 327 22983 30188 229 24610
59 26487 81 327 22892 30068 230 24512
59 26160 80 327 22801 29949 229 24415
59 25833 79 327 22710 29830 229 24318
59 25506 78 327 22620 29711 229 24221
59 25179 77 327 22529 29591 230 24124
59 24852 76 327 22438 29472 229 24027
59 24525 75 327 22347 29353 229 23929
59 24198 74 327 22256 29234 229 23832
59 23871 73 327 22166 29115 229 23735
59 23544 72 327 22075 28995 230 23638
59 23217 71 327 21984 28876 229 23541
59 22890 70 327 21893 28757 229 23443
59 22563 69 327 21803 28638 229 23346
59 22236 68 327 21712 28519 229 23249
59 21909 67 327 21621 28399 230 23152
59 21582 66 327 21530 28280 229 23055
59 21255 65 327 21439 28161 229 22957
59 20928 64 327 21349 28041 230 22860
59 20601 63 327 21258 27922 229 22763
59 20274 62 327 21167 27803 229 22666
59 19947 61 327 21076 27684 229 22569
59 19620 60 327 20986 27565 229 22472
59 19293 58 327 20895 27445 230 22374
59 18966 58 327 20804 27326 229 22277
59 18639 57 327 20713 27207 229 22180
59 18312 56 327 20623 27088 229 22083
59 17985 55 327 20532 26968 230 21985
59 17658 54 327 20441 26849 229 21888
59 17331 52 327 20350 26730 229 21791
59 17004 52 327 20259 26611 229 21694
59 16678 51 327 20169 26492 229 21597
59 16350 50 327 20078 26372 230 21499
59 16023 49 327 19987 26253 229 21402
59 15696 48 327 19896 26134 229 21305
59 15369 47 327 19806 26015 229 21208
59 15042 46 327 19715 25895 230 21111
59 14715 45 327 19624 25776 229 21013
59 14388 44 327 19533 25657 229 20916
59 14061 43 327 19442 25538 229 20819
59 13734 42 327 19352 25418 230 20722
59 13407 41 327 19261 25299 229 20625
59 13080 40 327 19170 25180 229 20527
59 12753 39 327 19079 25061 229 20430
59 12426 38 327 18989 24941 230 20333
59 12099 37 327 18898 24823 228 20236
59 11772 36 327 18807 24703 230 20139
59 11445 35 327 18716 24584 229 20041
59 11118 34 327 18626 24465 229 19944
59 10791 33 327 18535 24345 230 19847
59 10464 32 327 18444 24226 229 19750
59 10137 31 327 18353 24107 229 19653
59 9810 30 327 18262 23988 229 19555
59 9483 29 327 18172 23868 230 19458
59 9156 28 327 18081 23749 229 19361
59 8829 27 327 17990 23630 229 19264
59 8502 26 327 17899 23511 229 19167
59 8175 25 327 17809 23391 230 19069
59 7848 24 327 17718 23272 229 18972
59 7521 23 327 17627 23153 229 18875
59 7194 22 327 17536 23034 229 18778
59 6867 21 327 17445 22915 229 18681
59 6540 20 327 17355 22795 230 18583
59 6213 19 327 17264 22676 229 18486
59 5886 18 327 17173 22557 229 18389
59 5559 17 327 17082 22438 229 18292
59 5232 16 327 16992 22318 230 18194
59 4905 15 327 16901 22199 229 18097
59 4578 14 327 16810 22080 229 18000
59 4251 13 327 16719 21961 229 17903
59 3924 12 327 16628 21841 230 17806
59 3597 11 327 16538 21722 229 17709
59 3270 10 327 16447 21603 229 17611
59 2943 9 327 16356 21484 229 17514
59 2616 8 327 16265 21365 229 17417
59 2289 7 327 16175 21245 230 17320
59 1962 6 327 16084 21126 229 17223
59 1635 5 327 15993 21007 229 17125
59 1308 4 327 15902 20888 229 17028
59 981 3 327 15812 20768 230 16931
59 655 2 327 15721 20650 228 16834
59 327 1 327 15630 20530 230 16737
60 32700 100 327 24744 32641 4585 26526
60 32373 99 327 24652 32519 232 26427
60 32046 98 327 24560 32398 231 26328
60 31719 97 327 24467 32276 232 26229
60 31392 96 327 24375 32155 231 26130
60 31065 95 327 24283 32033 232 26031
60 30738 94 327 24191 31911 232 25932
60 30411 93 327 24099 31790 231 25834
60 30084 92 327 24006 31668 232 25735
60 29757 91 327 23914 31546 232 25636
60 29430 90 327 23822 31425 231 25537
60 29103 89 327 23730 31303 232 25438
60 28776 88 327 23638 31181 232 25339
60 28449 87 327 23545 31060 231 25241
60 28122 86 327 23453 30938 232 25142
60 27795 85 327 23361 30816 232 25043
60 27468 84 327 23269 30695 231 24944
60 27141 83 327 23176 30573 232 24845
60 26814 82 327 23084 30452 231 24746
60 26487 81 327 22992 30330 232 24647
60 26160 80 327 22900 30208 232 24549
60 25833 79 327 22808 30087 231 24450
60 25506 78 327 22715 29965 232 24351
60 25179 77 327 22623 29843 232 24252
60 24852 76 327 22531 29722 231 24153
60 24525 75 327 22439 29600 232 24054
60 24198 74 327 22347 29478 232 23955
60 23871 73 327 22254 29357 231 23857
60 23544 72 327 22162 29235 232 23758
60 23217 71 327 22070 29113 232 23659
60 22890 70 327 21978 28992 231 23560
60 22563 69 327 21885 28870 232 23461
60 22236 68 327 21793 28749 231 23362
60 21909 67 327 21701 28627 232 23264
60 21582 66 327 21609 28505 232 23165
60 21255 65 327 21517 28384 231 23066
60 20928 64 327 21424 28262 232 22967
60 20601 63 327 21332 28140 232 22868
60 20274 62 327 21240 28019 231 22769
60 19947 61 327 21148 27897 232 22670
60 19620 60 327 21056 27775 232 22571
60 19293 58 327 20963 27654 231 22473
60 18966 58 327 20871 27532 232 22374
60 18639 57 327 20779 27410 232 22275
60 18312 56 327 20687 27289 231 22176
60 17986 55 327 20595 27168 231 22078
60 17658 54 327 20502 27046 232 21979
60 17331 52 327 20410 26924 232 21880
60 17004 52 327 20318 26802 232 21781
60 16677 51 327 20226 26681 231 21682
60 16350 50 327 20133 26559 232 21583
60 16023 49 327 20041 26437 232 21484
60 15696 48 327 19949 26316 231 21385
60 15369 47 327 19857 26194 232 21286
60 15042 46 327 19765 26072 232 21187
60 14716 45 327 19673 25951 231 21089
60 14388 44 327 19580 25829 232 20990
60 14061 43 327 19488 25707 232 20891
60 13734 42 327 19396 25586 231 20792
60 13407 41 327 19303 25464 232 20693
60 13080 40 327 19211 25343 231 20595
60 12753 39 327 19119 25221 232 20496
60 12426 38 327 19027 25099 232 20397
60 12099 37 327 18935 24978 231 20298
60 11772 36 327 18842 24856 232 20199
60 11445 35 327 18750 24734 232 20100
60 11118 34 327 18658 24613 231 20001
60 10791 33 327 18566 24491 232 19902
60 10464 32 327 18474 24369 232 19804
60 10137 31 327 18381 24248 231 19705
60 9810 30 327 18289 24126 232 19606
60 9483 29 327 18197 24004 232 19507
60 9156 28 327 18105 23883 231 19408
60 8829 27 327 18012 23761 232 19309
60 8502 26 327 17920 23639 232 19210
60 8175 25 327 17828 23518 231 19112
60 7848 24 327 17736 23396 232 19013
60 7521 23 327 17644 23275 231 18914
60 7194 22 327 17551 23153 232 18815
60 6867 21 327 17459 23031 232 18716
60 6540 20 327 17367 22910 231 18617
60 6213 19 327 17275 22788 232 18519
60 5887 18 327 17183 22667 231 18420
60 5559 17 327 17090 22545 232 18321
60 5232 16 327 16998 22423 232 18222
60 4905 15 327 16906 22301 232 18123
60 4578 14 327 16814 22180 231 18024
60 4251 13 327 16721 22058 232 17925
60 3924 12 327 16629 21936 232 17826
60 3597 11 327 16537 21815 231 17728
60 3270 10 327 16445 21693 232 17629
60 2943 9 327 16353 21572 231 17530
60 2616 8 327 16260 21450 232 17431
60 2289 7 327 16168 21328 232 17332
60 1962 6 327 16076 21207 231 17234
60 1635 5 327 15984 21085 232 17135
60 1308 4 327 15892 20963 232 17036
60 981 3 327 15799 20842 231 16937
60 654 2 327 15707 20720 232 16838
60 327 1 327 15615 20598 232 16739
