56 32700 100 327 12193 15810 2589 13013
56 32373 99 327 12150 15754 2581 12967
56 32046 98 327 12107 15698 2572 12920
56 31719 97 327 12064 15642 2564 12874
56 31392 96 327 12020 15586 2554 12828
56 31065 95 327 11977 15530 2545 12782
56 30738 94 327 11934 15474 2537 12736
56 30411 93 327 11891 15418 2528 12690
56 30084 92 327 11847 15362 2518 12644
56 29757 91 327 11804 15305 2511 12597
56 29431 90 327 11761 15250 2501 12552
56 29103 89 327 11718 15193 2494 12505
56 28776 88 327 11675 15137 2485 12459
56 28449 87 327 11631 15081 2475 12413
56 28122 86 327 11588 15025 2467 12367
56 27795 85 327 11545 14969 2458 12321
56 27468 84 327 11502 14913 2450 12275
56 27141 83 327 11458 14857 2440 12228
56 26814 82 327 11415 14801 2431 12182
56 26487 81 327 11372 14745 2423 12136
56 26160 80 327 11329 14689 2414 12090
56 25833 79 327 11286 14633 2406 12044
56 25506 78 327 11242 14577 2396 11998
56 25179 77 327 11199 14521 2387 11952
56 24852 76 327 11156 14465 2379 11906
56 24525 75 327 11113 14409 2370 11860
56 24198 74 327 11070 14353 2362 11813
56 23871 73 327 11026 14297 2352 11767
56 23544 72 327 10983 14241 2343 11721
56 23217 71 327 10940 14185 2335 11675
56 22890 70 327 10897 14129 2326 11629
56 22563 69 327 10853 14073 2316 11583
56 22236 68 327 10810 14017 2308 11537
56 21909 67 327 10767 13961 2299 11491
56 21582 66 327 10724 13905 2291 11445
56 21255 65 327 10681 13849 2282 11398
56 20928 64 327 10637 13793 2272 11352
56 20601 63 327 10594 13737 2264 11306
56 20274 62 327 10551 13680 2256 11260
56 19947 61 327 10508 13624 2248 11214
56 19620 60 327 10465 13568 2239 11168
56 19293 58 327 10421 13512 2229 11122
56 18966 58 327 10378 13456 2221 11075
56 18639 57 327 10335 13400 2212 11029
56 18312 56 327 10292 13344 2204 10983
56 17985 55 327 10248 13288 2195 10937
56 17658 54 327 10205 13232 2185 10891
56 17331 52 327 10162 13176 2177 10845
56 17004 52 327 10119 13120 2168 10799
56 16677 51 327 10076 13064 2160 10753
56 16350 50 327 10032 13008 2150 10707
56 16023 49 327 9989 12952 2141 10660
56 15696 48 327 9946 12896 2133 10614
56 15369 47 327 9903 12840 2124 10568
56 15042 46 327 9859 12784 2114 10522
56 14715 45 327 9816 12728 2106 10476
56 14388 44 327 9773 12672 2097 10430
56 14061 43 327 9730 12616 2089 10384
56 13734 42 327 9687 12560 2080 10338
56 13407 41 327 9643 12504 2070 10292
56 13080 40 327 9600 12448 2062 10245
56 12753 39 327 9557 12392 2053 10199
56 12426 38 327 9514 12336 2045 10153
56 12099 37 327 9471 12280 2036 10107
56 11772 36 327 9427 12224 2026 10061
56 11445 35 327 9384 12168 2018 10015
56 11118 34 327 9341 12112 2009 9969
56 10791 33 327 9298 12055 2002 9922
56 10464 32 327 9254 11999 1992 9876
56 10137 31 327 9211 11943 1983 9830
56 9810 30 327 9168 11887 1975 9784
56 9483 29 327 9125 11831 1966 9738
56 9156 28 327 9082 11775 1958 9692
56 8829 27 327 9038 11719 1948 9646
56 8502 26 327 8995 11663 1939 9600
56 8175 25 327 8952 11607 1931 9553
56 7848 24 327 8909 11551 1922 9507
56 7521 23 327 8866 11495 1914 9461
56 7194 22 327 8822 11439 1904 9415
56 6867 21 327 8779 11383 1895 9369
56 6540 20 327 8736 11327 1887 9323
56 6213 19 327 8693 11271 1878 9277
56 5886 18 327 8649 11215 1868 9231
56 5559 17 327 8606 11159 1860 9185
56 5232 16 327 8563 11103 1851 9138
56 4905 15 327 8520 11047 1843 9092
56 4578 14 327 8477 10991 1834 9046
56 4251 13 327 8433 10935 1824 9000
56 3924 12 327 8390 10879 1816 8954
56 3597 11 327 8347 10823 1807 8908
56 3270 10 327 8304 10767 1799 8862
56 2943 9 327 8260 10711 1789 8816
56 2616 8 327 8217 10655 1780 8770
56 2289 7 327 8174 10599 1772 8723
56 1962 6 327 8131 10543 1763 8677
56 1635 5 327 8088 10486 1756 8631
56 1308 4 327 8044 10430 1747 8585
56 981 3 327 8001 10374 1737 8539
56 654 2 327 7958 10318 1729 8493
56 327 1 327 7915 10262 1720 8447
57 32700 100 327 12257 15962 2533 13096
57 32373 99 327 12213 15905 2524 13049
57 32046 98 327 12169 15847 2516 13002
57 31719 97 327 12126 15790 2509 12955
57 31392 96 327 12082 15733 2500 12908
57 31065 95 327 12038 15676 2491 12861
57 30738 94 327 11994 15619 2482 12814
57 30411 93 327 11950 15561 2474 12767
57 30085 92 327 11906 15504 2465 12720
57 29757 91 327 11862 15447 2456 12673
57 29430 90 327 11818 15390 2447 12626
57 29103 89 327 11774 15332 2439 12579
57 28776 88 327 11730 15275 2430 12532
57 28449 87 327 11686 15218 2421 12485
57 28122 86 327 11642 15161 2412 12439
57 27795 85 327 11598 15104 2403 12392
57 27468 84 327 11554 15046 2395 12345
57 27141 83 327 11510 14989 2386 12298
57 26814 82 327 11466 14932 2377 12251
57 26487 81 327 11422 14875 2368 12204
57 26160 80 327 11379 14817 2361 12157
57 25833 79 327 11335 14760 2352 12110
57 25506 78 327 11291 14703 2343 12063
57 25179 77 327 11247 14646 2334 12016
57 24852 76 327 11203 14589 2325 11969
57 24525 75 327 11159 14531 2317 11922
57 24198 74 327 11115 14474 2308 11875
57 23871 73 327 11071 14417 2299 11828
57 23544 72 327 11027 14360 2290 11781
57 23217 71 327 10983 14302 2282 11734
57 22890 70 327 10939 14245 2273 11687
57 22563 69 327 10895 14188 2264 11640
57 22236 68 327 10851 14131 2255 11594
57 21909 67 327 10807 14074 2246 11547
57 21582 66 327 10763 14016 2238 11499
57 21255 65 327 10719 13959 2231 11453
57 20928 64 327 10675 13902 2220 11406
57 20601 63 327 10632 13845 2213 11359
57 20275 62 327 10588 13788 2204 11312
57 19947 61 327 10544 13730 2196 11265
57 19620 60 327 10500 13673 2187 11218
57 19294 59 327 10456 13616 2178 11171
57 18966 58 327 10412 13559 2169 11124
57 18639 57 327 10368 13501 2161 11077
57 18312 56 327 10324 13444 2152 11030
57 17985 55 327 10280 13387 2143 10983
57 17658 54 327 10236 13330 2134 10936
57 17331 52 327 10192 13272 2126 10889
57 17004 52 327 10148 13215 2117 10842
57 16677 51 327 10104 13158 2108 10795
57 16350 50 327 10060 13101 2099 10748
57 16023 49 327 10016 13044 2090 10702
57 15696 48 327 9972 12986 2082 10654
57 15369 47 327 9928 12929 2073 10608
57 15042 46 327 9885 12872 2065 10561
57 14715 45 327 9841 12815 2056 10514
57 14388 44 327 9797 12757 2048 10467
57 14061 43 327 9753 12700 2039 10420
57 13734 42 327 9709 12643 2030 10373
57 13407 41 327 9665 12586 2021 10326
57 13080 40 327 9621 12529 2012 10279
57 12753 39 327 9577 12471 2004 10232
57 12426 38 327 9533 12414 1995 10185
57 12099 37 327 9489 12357 1986 10138
57 11772 36 327 9445 12300 1977 10091
57 11445 35 327 9401 12242 1969 10044
57 11118 34 327 9357 12185 1960 9997
57 10791 33 327 9313 12128 1951 9950
57 10464 32 327 9269 12071 1942 9903
57 10137 31 327 9225 12014 1933 9857
57 9810 30 327 9181 11956 1925 9809
57 9483 29 327 9138 11899 1918 9762
57 9156 28 327 9094 11842 1909 9716
57 8829 27 327 9050 11785 1900 9669
57 8502 26 327 9006 11727 1892 9622
57 8175 25 327 8962 11670 1883 9575
57 7848 24 327 8918 11613 1874 9528
57 7521 23 327 8874 11556 1865 9481
57 7194 22 327 8830 11499 1856 9434
57 6867 21 327 8786 11441 1848 9387
57 6540 20 327 8742 11384 1839 9340
57 6213 19 327 8698 11327 1830 9293
57 5886 18 327 8654 11270 1821 9246
57 5559 17 327 8610 11212 1813 9199
57 5232 16 327 8566 11155 1804 9152
57 4905 15 327 8522 11098 1795 9105
57 4578 14 327 8478 11041 1786 9058
57 4251 13 327 8434 10984 1777 9011
57 3924 12 327 8391 10926 1770 8964
57 3597 11 327 8347 10869 1761 8917
57 3270 10 327 8303 10812 1752 8871
57 2943 9 327 8259 10755 1743 8824
57 2616 8 327 8215 10697 1735 8776
57 2289 7 327 8171 10640 1726 8730
57 1962 6 327 8127 10583 1717 8683
57 1635 5 327 8083 10526 1708 8636
57 1308 4 327 8039 10469 1699 8589
57 981 3 327 7995 10411 1691 8542
57 654 2 327 7951 10354 1682 8495
57 327 1 327 7907 10297 1673 8448
58 32700 100 327 12321 16115 2476 13179
58 32373 99 327 12277 16056 2469 13131
58 32046 98 327 12232 15998 2460 13083
58 31719 97 327 12187 15939 2451 13036
58 31392 96 327 12143 15881 2443 12988
58 31065 95 327 12098 15822 2435 12940
58 30738 94 327 12053 15764 2425 12892
58 30411 93 327 12009 15706 2417 12845
58 30084 92 327 11964 15647 2409 12797
58 29758 91 327 11920 15589 2399 12749
58 29430 90 327 11875 15530 2392 12701
58 29103 89 327 11830 15472 2383 12653
58 28776 88 327 11785 15414 2373 12606
58 28449 87 327 11741 15355 2366 12558
58 28122 86 327 11696 15297 2357 12510
58 27795 85 327 11651 15238 2348 12462
58 27468 84 327 11607 15180 2340 12415
58 27141 83 327 11562 15122 2331 12367
58 26814 82 327 11517 15063 2322 12319
58 26487 81 327 11473 15005 2314 12271
58 26160 80 327 11428 14946 2306 12223
58 25833 79 327 11383 14888 2296 12176
58 25506 78 327 11339 14829 2289 12128
58 25179 77 327 11294 14771 2280 12080
58 24852 76 327 11249 14713 2270 12032
58 24525 75 327 11205 14654 2263 11985
58 24198 74 327 11160 14596 2254 11937
58 23871 73 327 11115 14537 2245 11889
58 23544 72 327 11071 14479 2237 11841
58 23217 71 327 11026 14421 2228 11794
58 22890 70 327 10981 14362 2219 11746
58 22563 69 327 10937 14304 2211 11698
58 22236 68 327 10892 14245 2203 11650
58 21909 67 327 10847 14187 2193 11602
58 21582 66 327 10803 14128 2186 11554
58 21255 65 327 10758 14070 2177 11507
58 20928 64 327 10713 14012 2167 11459
58 20601 63 327 10669 13953 2160 11411
58 20274 62 327 10624 13895 2151 11364
58 19947 61 327 10579 13836 2142 11316
58 19620 60 327 10535 13778 2134 11268
58 19293 58 327 10490 13720 2125 11220
58 18966 58 327 10445 13661 2116 11172
58 18639 57 327 10401 13603 2108 11125
58 18312 56 327 10356 13544 2100 11077
58 17986 55 327 10312 13486 2090 11029
58 17658 54 327 10267 13427 2083 10981
58 17331 52 327 10222 13369 2074 10934
58 17004 52 327 10177 13311 2064 10886
58 16677 51 327 10133 13252 2057 10838
58 16350 50 327 10088 13194 2048 10790
58 16023 49 327 10043 13135 2039 10742
58 15696 48 327 9999 13077 2031 10695
58 15370 47 327 9954 13019 2022 10647
58 15042 46 327 9909 12960 2013 10599
58 14715 45 327 9865 12902 2005 10551
58 14388 44 327 9820 12843 1997 10504
58 14061 43 327 9775 12785 1987 10456
58 13734 42 327 9731 12726 1980 10408
58 13407 41 327 9686 12668 1971 10360
58 13080 40 327 9641 12610 1961 10313
58 12753 39 327 9597 12551 1954 10265
58 12426 38 327 9552 12493 1945 10217
58 12099 37 327 9507 12434 1936 10169
58 11772 36 327 9463 12376 1928 10121
58 11445 35 327 9418 12318 1919 10074
58 11118 34 327 9373 12259 1910 10026
58 10791 33 327 9329 12201 1902 9978
58 10464 32 327 9284 12142 1894 9930
58 10137 31 327 9239 12084 1884 9883
58 9810 30 327 9195 12025 1877 9835
58 9483 29 327 9150 11967 1868 9787
58 9156 28 327 9105 11909 1858 9739
58 8829 27 327 9061 11850 1851 9691
58 8502 26 327 9016 11792 1842 9644
58 8175 25 327 8971 11733 1833 9596
58 7848 24 327 8927 11675 1825 9548
58 7521 23 327 8882 11617 1816 9500
58 7194 22 327 8837 11558 1807 9453
58 6867 21 327 8793 11500 1799 9405
58 6540 20 327 8748 11441 1791 9357
58 6213 19 327 8704 11383 1783 9309
58 5886 18 327 8659 11325 1773 9262
58 5559 17 327 8614 11266 1765 9214
58 5232 16 327 8570 11208 1757 9166
58 4905 15 327 8525 11149 1748 9118
58 4578 14 327 8480 11091 1739 9070
58 4251 13 327 8436 11032 1732 9023
58 3924 12 327 8391 10974 1722 8975
58 3597 11 327 8346 10916 1713 8927
58 3270 10 327 8302 10857 1706 8879
58 2943 9 327 8257 10799 1696 8832
58 2616 8 327 8212 10740 1688 8784
58 2289 7 327 8168 10682 1680 8736
58 1962 6 327 8123 10624 1670 8688
58 1635 5 327 8078 10565 1662 8640
58 1308 4 327 8034 10507 1654 8593
58 981 3 327 7989 10448 1645 8545
58 654 2 327 7944 10390 1636 8497
58 327 1 327 7900 10331 1629 8449
59 32700 100 327 12385 16268 2419 13262
59 32373 99 327 12340 16208 2412 13213
59 32046 98 327 12294 16149 2402 13165
59 31720 97 327 12249 16089 2394 13116
59 31393 96 327 12204 16030 2386 13068
59 31065 95 327 12158 15970 2377 13019
59 30738 94 327 12113 15910 2369 12970
59 30411 93 327 12067 15851 2359 12922
59 30084 92 327 12022 15791 2352 12873
59 29757 91 327 11977 15731 2344 12825
59 29430 90 327 11931 15672 2334 12776
59 29103 89 327 11886 15612 2327 12727
59 28776 88 327 11841 15553 2318 12679
59 28449 87 327 11795 15493 2309 12630
59 28122 86 327 11750 15433 2302 12582
59 27795 85 327 11704 15374 2292 12533
59 27468 84 327 11659 15314 2284 12484
59 27141 83 327 11614 15254 2277 12436
59 26815 82 327 11568 15195 2267 12387
59 26488 81 327 11523 15135 2259 12339
59 26160 80 327 11477 15076 2249 12290
59 25833 79 327 11432 15016 2242 12241
59 25506 78 327 11387 14956 2234 12193
59 25179 77 327 11341 14897 2224 12144
59 24852 76 327 11296 14837 2217 12096
59 24525 75 327 11251 14778 2208 12047
59 24198 74 327 11205 14718 2199 11998
59 23871 73 327 11160 14658 2192 11950
59 23544 72 327 11114 14599 2182 11901
59 23217 71 327 11069 14539 2174 11853
59 22890 70 327 11024 14479 2167 11804
59 22563 69 327 10978 14420 2157 11756
59 22236 68 327 10933 14360 2149 11707
59 21909 67 327 10887 14301 2139 11658
59 21582 66 327 10842 14241 2132 11610
59 21255 65 327 10797 14181 2124 11561
59 20928 64 327 10751 14122 2114 11513
59 20601 63 327 10706 14062 2107 11464
59 20274 62 327 10661 14003 2098 11415
59 19947 61 327 10615 13943 2089 11367
59 19620 60 327 10570 13883 2082 11318
59 19294 59 327 10524 13824 2072 11270
59 18966 58 327 10479 13764 2064 11221
59 18639 57 327 10434 13704 2057 11172
59 18312 56 327 10388 13645 2047 11124
59 17985 55 327 10343 13585 2039 11075
59 17659 54 327 10298 13526 2029 11027
59 17331 52 327 10252 13466 2022 10978
59 17004 52 327 10207 13406 2014 10929
59 16677 51 327 10161 13347 2004 10881
59 16350 50 327 10116 13287 1997 10832
59 16023 49 327 10070 13228 1987 10784
59 15696 48 327 10025 13168 1979 10735
59 15369 47 327 9980 13108 1972 10686
59 15042 46 327 9934 13049 1962 10638
59 14715 45 327 9889 12989 1954 10589
59 14388 44 327 9844 12929 1947 10540
59 14061 43 327 9798 12870 1937 10492
59 13734 42 327 9753 12810 1929 10443
59 13407 41 327 9707 12751 1919 10395
59 13080 40 327 9662 12691 1912 10346
59 12753 39 327 9617 12631 1904 10297
59 12426 38 327 9571 12572 1894 10249
59 12099 37 327 9526 12512 1887 10200
59 11772 36 327 9480 12453 1877 10152
59 11445 35 327 9435 12393 1869 10103
59 11118 34 327 9390 12333 1862 10054
59 10791 33 327 9344 12274 1852 10006
59 10464 32 327 9299 12214 1844 9957
59 10137 31 327 9254 12154 1837 9909
59 9810 30 327 9208 12095 1827 9860
59 9483 29 327 9163 12035 1819 9811
59 9156 28 327 9117 11976 1809 9763
59 8829 27 327 9072 11916 1802 9714
59 8502 26 327 9027 11856 1794 9666
59 8175 25 327 8981 11797 1784 9617
59 7848 24 327 8936 11737 1777 9568
59 7521 23 327 8890 11678 1767 9520
59 7194 22 327 8845 11618 1759 9471
59 6867 21 327 8800 11558 1752 9423
59 6540 20 327 8754 11499 1742 9374
59 6213 19 327 8709 11439 1734 9325
59 5886 18 327 8663 11379 1725 9277
59 5559 17 327 8618 11320 1717 9228
59 5232 16 327 8573 11260 1709 9180
59 4905 15 327 8527 11201 1699 9131
59 4578 14 327 8482 11141 1692 9082
59 4251 13 327 8437 11081 1684 9034
59 3924 12 327 8391 11022 1674 8985
59 3597 11 327 8346 10962 1667 8937
59 3270 10 327 8300 10903 1657 8888
59 2943 9 327 8255 10843 1649 8839
59 2616 8 327 8210 10783 1642 8791
59 2289 7 327 8164 10724 1632 8742
59 1962 6 327 8119 10664 1624 8694
59 1635 5 327 8073 10604 1615 8645
59 1308 4 327 8028 10545 1607 8597
59 981 3 327 7983 10485 1599 8548
59 654 2 327 7937 10426 1589 8499
59 327 1 327 7892 10366 1582 8451
60 32700 100 327 12449 16422 2361 13345
60 32373 99 327 12403 16361 2353 13296
60 32046 98 327 12357 16300 2345 13246
60 31719 97 327 12311 16239 2337 13197
60 31392 96 327 12264 16179 2327 13148
60 31065 95 327 12218 16118 2319 13098
60 30738 94 327 12172 16057 2311 13049
60 30411 93 327 12126 15996 2303 12999
60 30084 92 327 12080 15935 2295 12950
60 29757 91 327 12034 15875 2286 12900
60 29430 90 327 11988 15814 2278 12851
60 29103 89 327 11942 15753 2270 12802
60 28776 88 327 11896 15692 2262 12752
60 28449 87 327 11849 15631 2252 12703
60 28122 86 327 11803 15570 2244 12653
60 27795 85 327 11757 15510 2235 12604
60 27468 84 327 11711 15449 2227 12554
60 27141 83 327 11665 15388 2219 12505
60 26814 82 327 11619 15327 2211 12455
60 26487 81 327 11573 15266 2203 12406
60 26160 80 327 11527 15206 2194 12357
60 25833 79 327 11481 15145 2186 12307
60 25506 78 327 11435 15084 2178 12258
60 25179 77 327 11388 15023 2169 12208
60 24852 76 327 11342 14962 2161 12159
60 24525 75 327 11296 14901 2153 12110
60 24198 74 327 11250 14841 2144 12060
60 23871 73 327 11204 14780 2136 12011
60 23544 72 327 11158 14719 2128 11961
60 23217 71 327 11112 14658 2120 11912
60 22890 70 327 11066 14597 2112 11862
60 22563 69 327 11020 14536 2104 11813
60 22236 68 327 10973 14476 2093 11764
60 21909 67 327 10927 14415 2087 11714
60 21582 66 327 10881 14354 2077 11665
60 21255 65 327 10835 14293 2069 11615
60 20928 64 327 10789 14232 2061 11566
60 20601 63 327 10743 14172 2052 11517
60 20274 62 327 10697 14111 2044 11467
60 19947 61 327 10651 14050 2036 11418
60 19620 60 327 10605 13989 2028 11368
60 19293 58 327 10559 13928 2020 11319
60 18966 58 327 10512 13867 2011 11269
60 18640 57 327 10466 13807 2002 11220
60 18312 56 327 10420 13746 1994 11170
60 17985 55 327 10374 13685 1986 11121
60 17658 54 327 10328 13624 1978 11072
60 17331 52 327 10282 13563 1970 11022
60 17004 52 327 10236 13502 1962 10973
60 16677 51 327 10190 13442 1953 10923
60 16350 50 327 10144 13381 1945 10874
60 16023 49 327 10097 13320 1935 10824
60 15696 48 327 10051 13259 1927 10775
60 15369 47 327 10005 13198 1919 10725
60 15042 46 327 9959 13138 1910 10676
60 14715 45 327 9913 13077 1902 10627
60 14388 44 327 9867 13016 1894 10577
60 14061 43 327 9821 12955 1886 10528
60 13734 42 327 9775 12894 1878 10478
60 13407 41 327 9729 12834 1869 10429
60 13080 40 327 9682 12773 1860 10380
60 12753 39 327 9636 12712 1852 10330
60 12426 38 327 9590 12651 1844 10281
60 12099 37 327 9544 12590 1836 10231
60 11772 36 327 9498 12529 1828 10182
60 11445 35 327 9452 12469 1819 10133
60 11118 34 327 9406 12408 1811 10083
60 10791 33 327 9360 12347 1803 10034
60 10464 32 327 9314 12286 1795 9984
60 10137 31 327 9268 12225 1787 9935
60 9810 30 327 9221 12164 1777 9885
60 9484 29 327 9175 12104 1768 9836
60 9156 28 327 9129 12043 1760 9787
60 8829 27 327 9083 11982 1752 9737
60 8502 26 327 9037 11921 1744 9688
60 8175 25 327 8991 11860 1736 9638
60 7848 24 327 8945 11799 1728 9589
60 7521 23 327 8899 11739 1719 9539
60 7194 22 327 8853 11678 1711 9490
60 6867 21 327 8806 11617 1702 9440
60 6540 20 327 8760 11556 1694 9391
60 6213 19 327 8714 11495 1686 9342
60 5886 18 327 8668 11435 1677 9292
60 5559 17 327 8622 11374 1669 9243
60 5232 16 327 8576 11313 1661 9193
60 4905 15 327 8530 11252 1653 9144
60 4578 14 327 8484 11191 1645 9094
60 4251 13 327 8438 11130 1637 9045
60 3924 12 327 8391 11070 1626 8996
60 3597 11 327 8345 11009 1618 8946
60 3270 10 327 8299 10948 1610 8897
60 2943 9 327 8253 10887 1602 8847
60 2616 8 327 8207 10826 1594 8798
60 2289 7 327 8161 10765 1586 8748
60 1962 6 327 8115 10705 1577 8699
60 1635 5 327 8069 10644 1569 8650
60 1309 4 327 8023 10583 1561 8600
60 981 3 327 7977 10522 1553 8551
60 654 2 327 7930 10461 1544 8501
60 327 1 327 7884 10401 1535 8452
61 32700 100 327 12512 16577 2301 13428
61 32373 99 327 12466 16515 2294 13378
61 32046 98 327 12419 16453 2285 13328
61 31719 97 327 12372 16391 2277 13278
61 31392 96 327 12325 16328 2269 13227
61 31065 95 327 12278 16266 2261 13177
61 30739 94 327 12232 16205 2251 13127
61 30411 93 327 12185 16142 2245 13076
61 30084 92 327 12138 16080 2237 13026
61 29757 91 327 12091 16018 2228 12976
61 29430 90 327 12044 15956 2220 12926
61 29103 89 327 11997 15894 2211 12875
61 28776 88 327 11951 15832 2204 12825
61 28449 87 327 11904 15770 2196 12775
61 28122 86 327 11857 15708 2187 12725
61 27795 85 327 11810 15646 2179 12674
61 27468 84 327 11763 15584 2170 12624
61 27141 83 327 11716 15522 2162 12574
61 26814 82 327 11670 15460 2155 12524
61 26487 81 327 11623 15398 2146 12474
61 26160 80 327 11576 15336 2138 12423
61 25833 79 327 11529 15274 2129 12373
61 25506 78 327 11482 15212 2121 12323
61 25179 77 327 11435 15150 2112 12273
61 24852 76 327 11389 15088 2105 12222
61 24525 75 327 11342 15026 2097 12172
61 24198 74 327 11295 14964 2088 12122
61 23871 73 327 11248 14902 2080 12072
61 23544 72 327 11201 14840 2071 12021
61 23217 71 327 11154 14778 2063 11971
61 22890 70 327 11108 14716 2056 11921
61 22563 69 327 11061 14654 2047 11871
61 22236 68 327 11014 14591 2040 11820
61 21909 67 327 10967 14529 2031 11770
61 21582 66 327 10920 14467 2023 11720
61 21255 65 327 10874 14405 2016 11669
61 20928 64 327 10827 14343 2007 11619
61 20601 63 327 10780 14281 1999 11569
61 20274 62 327 10733 14219 1990 11519
61 19947 61 327 10686 14157 1982 11468
61 19620 60 327 10639 14095 1973 11418
61 19293 58 327 10593 14033 1966 11368
61 18966 58 327 10546 13971 1958 11318
61 18639 57 327 10499 13909 1949 11267
61 18312 56 327 10452 13847 1941 11217
61 17985 55 327 10405 13785 1932 11167
61 17658 54 327 10358 13723 1924 11117
61 17331 52 327 10312 13661 1917 11066
61 17004 52 327 10265 13599 1908 11016
61 16677 51 327 10218 13537 1900 10966
61 16350 50 327 10171 13475 1891 10916
61 16023 49 327 10124 13413 1883 10865
61 15696 48 327 10077 13351 1874 10815
61 15369 47 327 10031 13289 1867 10765
61 15042 46 327 9984 13227 1859 10715
61 14715 45 327 9937 13165 1850 10664
61 14388 44 327 9890 13103 1842 10614
61 14061 43 327 9843 13041 1833 10564
61 13734 42 327 9797 12979 1826 10514
61 13407 41 327 9750 12917 1818 10464
61 13081 40 327 9703 12855 1809 10413
61 12753 39 327 9656 12792 1802 10363
61 12426 38 327 9609 12730 1793 10312
61 12099 37 327 9562 12668 1785 10262
61 11772 36 327 9516 12606 1778 10212
61 11445 35 327 9469 12544 1769 10162
61 11118 34 327 9422 12482 1761 10112
61 10791 33 327 9375 12420 1752 10061
61 10464 32 327 9328 12358 1744 10011
61 10137 31 327 9281 12296 1735 9961
61 9810 30 327 9235 12234 1728 9911
61 9483 29 327 9188 12172 1720 9860
61 9157 28 327 9141 12110 1711 9810
61 8829 27 327 9094 12048 1703 9760
61 8502 26 327 9047 11986 1694 9710
61 8175 25 327 9000 11924 1686 9659
61 7848 24 327 8954 11862 1679 9609
61 7521 23 327 8907 11800 1670 9559
61 7194 22 327 8860 11738 1662 9509
61 6867 21 327 8813 11676 1653 9458
61 6540 20 327 8766 11614 1645 9408
61 6213 19 327 8720 11552 1638 9358
61 5886 18 327 8673 11490 1629 9308
61 5559 17 327 8626 11428 1621 9257
61 5232 16 327 8579 11366 1612 9207
61 4905 15 327 8532 11304 1604 9157
61 4578 14 327 8485 11242 1595 9107
61 4251 13 327 8439 11180 1588 9056
61 3924 12 327 8392 11118 1580 9006
61 3597 11 327 8345 11055 1572 8956
61 3270 10 327 8298 10993 1564 8905
61 2943 9 327 8251 10931 1555 8855
61 2616 8 327 8204 10869 1547 8805
61 2289 7 327 8158 10807 1540 8755
61 1962 6 327 8111 10745 1531 8704
61 1635 5 327 8064 10683 1523 8654
61 1308 4 327 8017 10621 1514 8604
61 981 3 327 7970 10559 1506 8554
61 654 2 327 7924 10497 1499 8503
61 327 1 327 7877 10435 1490 8453
62 32700 100 327 12576 16732 2242 13511
62 32373 99 327 12528 16669 2233 13460
62 32046 98 327 12481 16605 2226 13409
62 31719 97 327 12433 16542 2217 13358
62 31392 96 327 12386 16479 2210 13307
62 31065 95 327 12338 16416 2201 13256
62 30738 94 327 12291 16352 2194 13205
62 30411 93 327 12243 16289 2185 13154
62 30084 92 327 12195 16226 2176 13103
62 29757 91 327 12148 16163 2169 13052
62 29430 90 327 12100 16099 2161 13000
62 29103 89 327 12053 16036 2153 12949
62 28776 88 327 12005 15973 2144 12898
62 28449 87 327 11958 15910 2137 12847
62 28122 86 327 11910 15846 2129 12796
62 27796 85 327 11863 15783 2121 12745
62 27468 84 327 11815 15720 2112 12694
62 27141 83 327 11768 15657 2105 12643
62 26814 82 327 11720 15593 2097 12592
62 26487 81 327 11672 15530 2088 12541
62 26160 80 327 11625 15467 2080 12490
62 25833 79 327 11577 15404 2071 12439
62 25506 78 327 11530 15340 2065 12388
62 25179 77 327 11482 15277 2056 12337
62 24852 76 327 11435 15214 2048 12286
62 24525 75 327 11387 15151 2039 12235
62 24198 74 327 11340 15087 2033 12183
62 23871 73 327 11292 15024 2024 12132
62 23544 72 327 11245 14961 2016 12081
62 23217 71 327 11197 14898 2007 12030
62 22891 70 327 11150 14834 1999 11979
62 22563 69 327 11102 14771 1992 11928
62 22236 68 327 11054 14708 1983 11877
62 21909 67 327 11007 14645 1975 11826
62 21582 66 327 10959 14581 1967 11775
62 21255 65 327 10912 14518 1960 11724
62 20928 64 327 10864 14455 1951 11673
62 20601 63 327 10817 14392 1943 11622
62 20274 62 327 10769 14328 1935 11570
62 19947 61 327 10722 14265 1928 11519
62 19620 60 327 10674 14202 1919 11468
62 19293 58 327 10627 14138 1912 11417
62 18966 58 327 10579 14075 1903 11366
62 18639 57 327 10531 14012 1894 11315
62 18312 56 327 10484 13949 1887 11264
62 17985 55 327 10436 13885 1879 11213
62 17658 54 327 10389 13822 1871 11162
62 17331 52 327 10341 13759 1862 11111
62 17004 52 327 10294 13696 1855 11060
62 16677 51 327 10246 13632 1847 11008
62 16350 50 327 10199 13569 1839 10957
62 16023 49 327 10151 13506 1830 10906
62 15696 48 327 10104 13443 1823 10855
62 15369 47 327 10056 13379 1815 10804
62 15042 46 327 10008 13316 1806 10753
62 14715 45 327 9961 13253 1798 10702
62 14388 44 327 9913 13190 1789 10651
62 14061 43 327 9866 13126 1783 10600
62 13734 42 327 9818 13063 1774 10549
62 13407 41 327 9771 13000 1766 10498
62 13080 40 327 9723 12937 1757 10447
62 12753 39 327 9676 12873 1751 10395
62 12426 38 327 9628 12810 1742 10344
62 12099 37 327 9581 12747 1734 10293
62 11772 36 327 9533 12684 1725 10242
62 11445 35 327 9486 12620 1719 10191
62 11118 34 327 9438 12557 1710 10140
62 10791 33 327 9390 12494 1701 10089
62 10464 32 327 9343 12431 1693 10038
62 10137 31 327 9295 12367 1685 9987
62 9810 30 327 9248 12304 1678 9936
62 9483 29 327 9200 12241 1669 9885
62 9156 28 327 9153 12178 1661 9834
62 8829 27 327 9105 12114 1653 9782
62 8502 26 327 9058 12051 1646 9731
62 8175 25 327 9010 11988 1637 9680
62 7848 24 327 8963 11925 1629 9629
62 7521 23 327 8915 11861 1621 9578
62 7194 22 327 8867 11798 1612 9527
62 6867 21 327 8820 11735 1605 9476
62 6540 20 327 8772 11672 1596 9425
62 6213 19 327 8725 11608 1589 9374
62 5886 18 327 8677 11545 1580 9323
62 5559 17 327 8630 11482 1573 9272
62 5232 16 327 8582 11419 1564 9221
62 4905 15 327 8535 11355 1557 9170
62 4578 14 327 8487 11292 1548 9119
62 4251 13 327 8440 11229 1541 9068
62 3924 12 327 8392 11166 1532 9017
62 3597 11 327 8344 11102 1524 8965
62 3270 10 327 8297 11039 1516 8914
62 2943 9 327 8249 10976 1507 8863
62 2616 8 327 8202 10912 1501 8812
62 2289 7 327 8154 10849 1492 8761
62 1962 6 327 8107 10786 1484 8710
62 1635 5 327 8059 10723 1475 8659
62 1308 4 327 8012 10659 1469 8608
62 981 3 327 7964 10596 1460 8557
62 654 2 327 7917 10533 1452 8506
62 327 1 327 7869 10470 1443 8455
63 32700 100 327 12639 16888 2180 13594
63 32373 99 327 12591 16823 2173 13542
63 32046 98 327 12542 16759 2164 13491
63 31719 97 327 12494 16694 2157 13439
63 31392 96 327 12446 16630 2149 13387
63 31066 95 327 12398 16566 2141 13335
63 30738 94 327 12349 16501 2132 13283
63 30411 93 327 12301 16437 2124 13231
63 30084 92 327 12253 16372 2117 13179
63 29757 91 327 12205 16308 2109 13127
63 29430 90 327 12156 16243 2101 13075
63 29103 89 327 12108 16179 2093 13024
63 28776 88 327 12060 16114 2086 12972
63 28449 87 327 12012 16050 2078 12920
63 28122 86 327 11963 15985 2069 12868
63 27795 85 327 11915 15921 2061 12816
63 27468 84 327 11867 15856 2054 12764
63 27141 83 327 11819 15792 2046 12712
63 26814 82 327 11770 15727 2038 12660
63 26487 81 327 11722 15663 2030 12608
63 26161 80 327 11674 15598 2023 12556
63 25833 79 327 11626 15534 2015 12504
63 25506 78 327 11577 15469 2006 12452
63 25179 77 327 11529 15405 1998 12401
63 24852 76 327 11481 15340 1991 12349
63 24525 75 327 11433 15276 1983 12297
63 24198 74 327 11384 15211 1975 12245
63 23871 73 327 11336 15147 1967 12193
63 23544 72 327 11288 15082 1960 12141
63 23217 71 327 11239 15018 1950 12089
63 22890 70 327 11191 14953 1943 12037
63 22563 69 327 11143 14889 1935 11985
63 22236 68 327 11095 14825 1927 11934
63 21909 67 327 11046 14760 1919 11882
63 21582 66 327 10998 14696 1911 11830
63 21255 65 327 10950 14631 1904 11778
63 20928 64 327 10902 14567 1896 11726
63 20601 63 327 10853 14502 1887 11674
63 20274 62 327 10805 14438 1879 11622
63 19947 61 327 10757 14373 1872 11570
63 19620 60 327 10709 14309 1864 11518
63 19293 58 327 10660 14244 1856 11466
63 18966 58 327 10612 14180 1848 11414
63 18639 57 327 10564 14115 1841 11362
63 18312 56 327 10516 14051 1833 11311
63 17985 55 327 10467 13986 1824 11259
63 17658 54 327 10419 13922 1816 11207
63 17331 52 327 10371 13857 1809 11155
63 17004 52 327 10323 13793 1801 11103
63 16678 51 327 10274 13729 1792 11051
63 16350 50 327 10226 13664 1785 10999
63 16023 49 327 10178 13599 1778 10947
63 15696 48 327 10130 13535 1770 10895
63 15369 47 327 10081 13470 1761 10843
63 15042 46 327 10033 13406 1753 10792
63 14715 45 327 9985 13341 1746 10739
63 14388 44 327 9937 13277 1738 10688
63 14061 43 327 9888 13212 1730 10636
63 13734 42 327 9840 13148 1722 10584
63 13407 41 327 9792 13084 1714 10532
63 13081 40 327 9744 13019 1705 10480
63 12753 39 327 9695 12955 1697 10428
63 12426 38 327 9647 12890 1690 10376
63 12099 37 327 9599 12826 1682 10324
63 11772 36 327 9550 12761 1674 10272
63 11445 35 327 9502 12697 1666 10221
63 11118 34 327 9454 12632 1659 10169
63 10791 33 327 9406 12568 1651 10117
63 10464 32 327 9357 12503 1642 10065
63 10137 31 327 9309 12439 1634 10013
63 9810 30 327 9261 12374 1627 9961
63 9483 29 327 9213 12310 1619 9909
63 9156 28 327 9164 12245 1611 9857
63 8829 27 327 9116 12181 1603 9805
63 8502 26 327 9068 12116 1596 9753
63 8175 25 327 9020 12052 1588 9702
63 7848 24 327 8971 11987 1579 9649
63 7521 23 327 8923 11923 1571 9598
63 7194 22 327 8875 11858 1564 9546
63 6867 21 327 8827 11794 1556 9494
63 6540 20 327 8778 11729 1548 9442
63 6213 19 327 8730 11665 1540 9390
63 5886 18 327 8682 11600 1533 9338
63 5559 17 327 8634 11536 1525 9286
63 5232 16 327 8585 11472 1515 9234
63 4905 15 327 8537 11407 1508 9182
63 4578 14 327 8489 11343 1500 9131
63 4251 13 327 8441 11278 1493 9079
63 3924 12 327 8392 11214 1484 9027
63 3597 11 327 8344 11149 1477 8975
63 3270 10 327 8296 11085 1469 8923
63 2943 9 327 8247 11020 1460 8871
63 2616 8 327 8199 10956 1452 8819
63 2289 7 327 8151 10891 1445 8767
63 1962 6 327 8103 10827 1437 8715
63 1635 5 327 8054 10762 1429 8663
63 1308 4 327 8006 10698 1421 8612
63 981 3 327 7958 10633 1414 8559
63 654 2 327 7910 10569 1406 8508
63 327 1 327 7861 10504 1397 8456
64 32700 100 327 12702 17045 2118 13678
64 32373 99 327 12653 16979 2110 13625
64 32046 98 327 12604 16913 2103 13572
64 31719 97 327 12555 16847 2095 13519
64 31392 96 327 12506 16782 2087 13467
64 31065 95 327 12457 16716 2079 13414
64 30738 94 327 12408 16650 2072 13361
64 30411 93 327 12359 16585 2063 13308
64 30084 92 327 12310 16519 2056 13256
64 29757 91 327 12261 16453 2048 13203
64 29430 90 327 12212 16387 2041 13150
64 29103 89 327 12163 16322 2032 13098
64 28776 88 327 12114 16256 2025 13045
64 28449 87 327 12065 16190 2017 12992
64 28122 86 327 12016 16125 2009 12939
64 27795 85 327 11967 16059 2001 12887
64 27468 84 327 11918 15993 1994 12834
64 27141 83 327 11869 15927 1986 12781
64 26814 82 327 11821 15862 1979 12728
64 26487 81 327 11772 15796 1972 12676
64 26160 80 327 11723 15730 1964 12623
64 25833 79 327 11674 15665 1956 12570
64 25506 78 327 11625 15599 1948 12517
64 25179 77 327 11576 15533 1941 12465
64 24852 76 327 11527 15467 1933 12412
64 24525 75 327 11478 15402 1925 12359
64 24198 74 327 11429 15336 1917 12306
64 23871 73 327 11380 15270 1910 12254
64 23544 72 327 11331 15205 1901 12201
64 23217 71 327 11282 15139 1894 12148
64 22890 70 327 11233 15073 1886 12095
64 22563 69 327 11184 15007 1879 12043
64 22236 68 327 11135 14942 1870 11990
64 21909 67 327 11086 14876 1863 11937
64 21582 66 327 11037 14810 1855 11885
64 21255 65 327 10988 14745 1847 11832
64 20928 64 327 10939 14679 1839 11779
64 20601 63 327 10890 14613 1832 11726
64 20274 62 327 10841 14547 1824 11674
64 19947 61 327 10792 14482 1816 11621
64 19620 60 327 10743 14416 1808 11568
64 19293 58 327 10694 14350 1801 11515
64 18966 58 327 10645 14285 1792 11463
64 18639 57 327 10596 14219 1785 11410
64 18312 56 327 10547 14153 1777 11357
64 17985 55 327 10498 14087 1770 11304
64 17658 54 327 10449 14022 1761 11252
64 17331 52 327 10400 13956 1754 11199
64 17004 52 327 10351 13890 1746 11146
64 16677 51 327 10302 13825 1738 11094
64 16350 50 327 10253 13759 1730 11041
64 16023 49 327 10204 13693 176 10988
64 15696 48 327 10155 13627 176 10935
64 15369 47 327 10106 13562 175 10883
64 15042 46 327 10058 13496 176 10830
64 14716 45 327 10009 13430 176 10777
64 14388 44 327 9960 13365 175 10725
64 14061 43 327 9911 13299 176 10672
64 13734 42 327 9862 13233 176 10619
64 13407 41 327 9813 13167 176 10566
64 13080 40 327 9764 13102 175 10514
64 12753 39 327 9715 13036 176 10461
64 12426 38 327 9666 12970 176 10408
64 12099 37 327 9617 12905 175 10355
64 11772 36 327 9568 12839 176 10303
64 11445 35 327 9519 12773 176 10250
64 11118 34 327 9470 12707 176 10197
64 10791 33 327 9421 12642 175 10145
64 10464 32 327 9372 12576 176 10092
64 10137 31 327 9323 12510 176 10039
64 9810 30 327 9274 12445 175 9986
64 9483 29 327 9225 12379 176 9934
64 9156 28 327 9176 12313 176 9881
64 8829 27 327 9127 12247 176 9828
64 8502 26 327 9078 12182 175 9775
64 8175 25 327 9029 12116 176 9723
64 7848 24 327 8980 12050 176 9670
64 7521 23 327 8931 11985 175 9617
64 7194 22 327 8882 11919 176 9564
64 6867 21 327 8833 11853 176 9512
64 6540 20 327 8784 11787 176 9459
64 6213 19 327 8735 11722 175 9406
64 5886 18 327 8686 11656 176 9353
64 5559 17 327 8637 11590 176 9301
64 5232 16 327 8588 11525 175 9248
64 4905 15 327 8539 11459 176 9195
64 4578 14 327 8490 11393 176 9142
64 4251 13 327 8441 11327 176 9090
64 3924 12 327 8392 11262 175 9037
64 3597 11 327 8344 11196 176 8984
64 3270 10 327 8295 11130 176 8931
64 2943 9 327 8246 11065 175 8879
64 2616 8 327 8197 10999 176 8826
64 2289 7 327 8148 10933 176 8773
64 1962 6 327 8099 10867 176 8721
64 1635 5 327 8050 10802 175 8668
64 1308 4 327 8001 10736 176 8615
64 981 3 327 7952 10670 176 8562
64 654 2 327 7903 10605 175 8510
64 327 1 327 7854 10539 176 8457
65 32700 100 327 12765 17202 2055 13761
65 32373 99 327 12715 17135 177 13707
65 32046 98 327 12665 17068 177 13653
65 31719 97 327 12616 17001 177 13600
65 31392 96 327 12566 16934 177 13546
65 31065 95 327 12516 16867 177 13493
65 30738 94 327 12467 16800 177 13439
65 30411 93 327 12417 16733 177 13386
65 30084 92 327 12367 16666 177 13332
65 29757 91 327 12318 16599 177 13278
65 29430 90 327 12268 16532 177 13225
65 29103 89 327 12218 16465 177 13171
65 28776 88 327 12169 16398 177 13118
65 28449 87 327 12119 16331 177 13064
65 28122 86 327 12069 16264 177 13011
65 27795 85 327 12020 16198 176 12957
65 27468 84 327 11970 16131 177 12904
65 27141 83 327 11920 16064 177 12850
65 26814 82 327 11871 15997 177 12797
65 26487 81 327 11821 15930 177 12743
65 26160 80 327 11771 15863 177 12689
65 25833 79 327 11721 15796 177 12636
65 25506 78 327 11672 15729 177 12582
65 25179 77 327 11622 15662 177 12529
65 24852 76 327 11572 15595 177 12475
65 24525 75 327 11523 15528 177 12422
65 24198 74 327 11473 15461 177 12368
65 23871 73 327 11423 15394 177 12314
65 23544 72 327 11374 15327 177 12261
65 23217 71 327 11324 15260 177 12207
65 22890 70 327 11274 15193 177 12154
65 22563 69 327 11225 15126 177 12100
65 22236 68 327 11175 15059 177 12047
65 21909 67 327 11125 14992 177 11993
65 21582 66 327 11076 14925 177 11939
65 21255 65 327 11026 14858 177 11886
65 20928 64 327 10976 14792 176 11833
65 20601 63 327 10927 14725 177 11779
65 20274 62 327 10877 14658 177 11725
65 19947 61 327 10827 14591 177 11672
65 19620 60 327 10778 14524 177 11618
65 19293 58 327 10728 14457 177 11565
65 18966 58 327 10678 14390 177 11511
65 18639 57 327 10628 14323 177 11458
65 18312 56 327 10579 14256 177 11404
65 17985 55 327 10529 14189 177 11350
65 17658 54 327 10479 14122 177 11297
65 17332 53 327 10430 14055 177 11243
65 17004 52 327 10380 13988 177 11190
65 16677 51 327 10330 13921 177 11136
65 16351 50 327 10281 13854 177 11083
65 16023 49 327 10231 13787 177 11029
65 15696 48 327 10181 13720 177 10975
65 15369 47 327 10132 13653 177 10922
65 15043 46 327 10082 13587 176 10869
65 14715 45 327 10032 13519 178 10815
65 14388 44 327 9983 13452 177 10761
65 14061 43 327 9933 13385 177 10708
65 13734 42 327 9883 13319 176 10654
65 13407 41 327 9834 13252 177 10601
65 13080 40 327 9784 13185 177 10547
65 12753 39 327 9734 13118 177 10494
65 12426 38 327 9684 13051 177 10440
65 12099 37 327 9635 12984 177 10386
65 11772 36 327 9585 12917 177 10333
65 11445 35 327 9535 12850 177 10279
65 11118 34 327 9486 12783 177 10226
65 10791 33 327 9436 12716 177 10172
65 10464 32 327 9386 12649 177 10119
65 10137 31 327 9337 12582 177 10065
65 9810 30 327 9287 12515 177 10011
65 9483 29 327 9237 12448 177 9958
65 9156 28 327 9188 12381 177 9904
65 8829 27 327 9138 12314 177 9851
65 8502 26 327 9088 12247 177 9797
65 8175 25 327 9039 12180 177 9744
65 7848 24 327 8989 12113 177 9690
65 7521 23 327 8939 12046 177 9636
65 7194 22 327 8890 11979 177 9583
65 6867 21 327 8840 11913 176 9529
65 6541 20 327 8790 11846 177 9476
65 6213 19 327 8740 11779 177 9422
65 5886 18 327 8691 11712 177 9369
65 5559 17 327 8641 11645 177 9315
65 5232 16 327 8591 11578 177 9262
65 4905 15 327 8542 11511 177 9208
65 4578 14 327 8492 11444 177 9154
65 4251 13 327 8442 11377 177 9101
65 3924 12 327 8393 11310 177 9047
65 3597 11 327 8343 11243 177 8994
65 3270 10 327 8293 11176 177 8940
65 2943 9 327 8244 11109 177 8887
65 2616 8 327 8194 11042 177 8833
65 2289 7 327 8144 10975 177 8779
65 1962 6 327 8095 10908 177 8726
65 1635 5 327 8045 10841 177 8672
65 1308 4 327 7995 10774 177 8619
65 981 3 327 7946 10707 177 8565
65 655 2 327 7896 10641 176 8512
65 327 1 327 7846 10573 178 8458
66 32700 100 327 12828 17360 1992 13844
66 32373 99 327 12777 17292 178 13789
66 32046 98 327 12727 17223 179 13735
66 31719 97 327 12676 17155 178 13680
66 31392 96 327 12626 17087 178 13626
66 31065 95 327 12576 17019 178 13572
66 30738 94 327 12525 16951 178 13517
66 30411 93 327 12475 16882 179 13463
66 30084 92 327 12424 16814 178 13408
66 29757 91 327 12374 16746 178 13354
66 29430 90 327 12324 16678 178 13300
66 29103 89 327 12273 16610 178 13245
66 28776 88 327 12223 16541 179 13191
66 28449 87 327 12172 16473 178 13136
66 28122 86 327 12122 16405 178 13082
66 27795 85 327 12072 16337 178 13028
66 27468 84 327 12021 16269 178 12973
66 27142 83 327 11971 16201 178 12919
66 26814 82 327 11920 16132 179 12865
66 26487 81 327 11870 16064 178 12810
66 26160 80 327 11820 15996 178 12756
66 25833 79 327 11769 15928 178 12702
66 25506 78 327 11719 15859 179 12647
66 25179 77 327 11668 15791 178 12593
66 24852 76 327 11618 15723 178 12538
66 24525 75 327 11568 15655 178 12484
66 24198 74 327 11517 15587 178 12430
66 23871 73 327 11467 15518 179 12375
66 23544 72 327 11417 15450 178 12321
66 23217 71 327 11366 15382 178 12266
66 22890 70 327 11316 15314 178 12212
66 22564 69 327 11265 15246 178 12158
66 22237 68 327 11215 15178 178 12103
66 21909 67 327 11165 15109 179 12049
66 21582 66 327 11114 15041 178 11994
66 21255 65 327 11064 14973 178 11940
66 20928 64 327 11013 14905 178 11886
66 20601 63 327 10963 14836 179 11831
66 20274 62 327 10913 14768 178 11777
66 19947 61 327 10862 14700 178 11722
66 19620 60 327 10812 14632 178 11668
66 19293 58 327 10761 14564 178 11614
66 18966 58 327 10711 14495 179 11559
66 18639 57 327 10661 14427 178 11505
66 18312 56 327 10610 14359 178 11451
66 17985 55 327 10560 14291 178 11396
66 17658 54 327 10509 14223 178 11342
66 17331 52 327 10459 14154 179 11287
66 17004 52 327 10409 14086 178 11233
66 16677 51 327 10358 14018 178 11179
66 16350 50 327 10308 13950 178 11124
66 16023 49 327 10257 13882 178 11070
66 15696 48 327 10207 13813 179 11015
66 15369 47 327 10157 13745 178 10961
66 15042 46 327 10106 13677 178 10907
66 14715 45 327 10056 13609 178 10852
66 14388 44 327 10005 13541 178 10798
66 14061 43 327 9955 13472 179 10743
66 13735 42 327 9905 13404 178 10689
66 13407 41 327 9854 13336 178 10635
66 13080 40 327 9804 13268 178 10580
66 12753 39 327 9754 13200 178 10526
66 12426 38 327 9703 13131 179 10471
66 12099 37 327 9653 13063 178 10417
66 11772 36 327 9602 12995 178 10363
66 11445 35 327 9552 12927 178 10309
66 11118 34 327 9502 12859 178 10254
66 10791 33 327 9451 12790 179 10200
66 10464 32 327 9401 12722 178 10145
66 10137 31 327 9350 12654 178 10091
66 9811 30 327 9300 12586 178 10037
66 9483 29 327 9250 12518 178 9982
66 9157 28 327 9199 12450 178 9928
66 8829 27 327 9149 12381 179 9873
66 8502 26 327 9098 12313 178 9819
66 8175 25 327 9048 12245 178 9765
66 7848 24 327 8998 12177 178 9710
66 7521 23 327 8947 12108 179 9656
66 7194 22 327 8897 12040 178 9601
66 6867 21 327 8846 11972 178 9547
66 6541 20 327 8796 11904 178 9493
66 6213 19 327 8746 11836 178 9438
66 5886 18 327 8695 11767 179 9384
66 5559 17 327 8645 11699 178 9329
66 5232 16 327 8594 11631 178 9275
66 4905 15 327 8544 11563 178 9221
66 4578 14 327 8494 11495 178 9166
66 4251 13 327 8443 11426 179 9112
66 3924 12 327 8393 11358 178 9058
66 3597 11 327 8342 11290 178 9003
66 3270 10 327 8292 11222 178 8949
66 2943 9 327 8242 11154 178 8895
66 2616 8 327 8191 11085 179 8840
66 2290 7 327 8141 11017 178 8786
66 1962 6 327 8091 10949 178 8731
66 1635 5 327 8040 10881 178 8677
66 1308 4 327 7990 10813 178 8623
66 981 3 327 7939 10744 179 8568
66 654 2 327 7889 10676 178 8514
66 327 1 327 7839 10608 178 8459
67 32700 100 327 12890 17518 1927 13926
67 32373 99 327 12839 17449 179 13871
67 32046 98 327 12788 17380 179 13816
67 31719 97 327 12737 17310 180 13761
67 31392 96 327 12686 17241 179 13706
67 31065 95 327 12635 17171 180 13650
67 30738 94 327 12583 17102 179 13595
67 30411 93 327 12532 17032 180 13540
67 30084 92 327 12481 16963 179 13485
67 29757 91 327 12430 16893 180 13429
67 29430 90 327 12379 16824 179 13374
67 29103 89 327 12328 16754 180 13319
67 28776 88 327 12277 16685 179 13264
67 28449 87 327 12226 16616 179 13209
67 28122 86 327 12175 16546 180 13153
67 27795 85 327 12124 16477 179 13098
67 27468 84 327 12072 16407 180 13043
67 27141 83 327 12021 16338 179 12988
67 26814 82 327 11970 16268 180 12933
67 26488 81 327 11919 16199 179 12878
67 26160 80 327 11868 16129 180 12822
67 25833 79 327 11817 16060 179 12767
67 25506 78 327 11766 15990 180 12712
67 25179 77 327 11715 15921 179 12657
67 24852 76 327 11664 15852 179 12602
67 24525 75 327 11613 15782 180 12546
67 24198 74 327 11561 15713 179 12491
67 23871 73 327 11510 15643 180 12436
67 23544 72 327 11459 15574 179 12381
67 23217 71 327 11408 15504 180 12325
67 22890 70 327 11357 15435 179 12270
67 22563 69 327 11306 15365 180 12215
67 22236 68 327 11255 15296 179 12160
67 21909 67 327 11204 15226 180 12104
67 21582 66 327 11153 15157 179 12049
67 21255 65 327 11101 15088 179 11994
67 20928 64 327 11050 15018 180 11939
67 20601 63 327 10999 14949 179 11884
67 20274 62 327 10948 14879 180 11828
67 19947 61 327 10897 14810 179 11773
67 19620 60 327 10846 14740 180 11718
67 19293 58 327 10795 14671 179 11663
67 18966 58 327 10744 14601 180 11607
67 18639 57 327 10693 14532 179 11552
67 18312 56 327 10642 14463 179 11497
67 17985 55 327 10590 14393 180 11442
67 17658 54 327 10539 14324 179 11387
67 17331 52 327 10488 14254 180 11331
67 17004 52 327 10437 14185 179 11276
67 16677 51 327 10386 14115 180 11221
67 16350 50 327 10335 14046 179 11166
67 16023 49 327 10284 13976 180 11111
67 15696 48 327 10233 13907 179 11055
67 15369 47 327 10182 13837 180 11000
67 15042 46 327 10131 13768 179 10945
67 14715 45 327 10079 13699 179 10890
67 14389 44 327 10028 13629 180 10835
67 14061 43 327 9977 13560 179 10780
67 13734 42 327 9926 13490 180 10724
67 13408 41 327 9875 13421 179 10669
67 13080 40 327 9824 13351 180 10614
67 12753 39 327 9773 13282 179 10559
67 12426 38 327 9722 13212 180 10503
67 12100 37 327 9671 13143 179 10448
67 11772 36 327 9620 13073 180 10393
67 11445 35 327 9568 13004 179 10338
67 11118 34 327 9517 12935 179 10283
67 10791 33 327 9466 12865 180 10227
67 10464 32 327 9415 12796 179 10172
67 10137 31 327 9364 12726 180 10117
67 9810 30 327 9313 12657 179 10062
67 9483 29 327 9262 12587 180 10006
67 9156 28 327 9211 12518 179 9951
67 8829 27 327 9160 12448 180 9896
67 8502 26 327 9108 12379 179 9841
67 8175 25 327 9057 12310 179 9786
67 7848 24 327 9006 12240 180 9730
67 7522 23 327 8955 12171 179 9675
67 7194 22 327 8904 12101 180 9620
67 6867 21 327 8853 12032 179 9565
67 6540 20 327 8802 11962 180 9509
67 6213 19 327 8751 11893 179 9454
67 5886 18 327 8700 11823 180 9399
67 5559 17 327 8649 11754 179 9344
67 5232 16 327 8597 11684 180 9289
67 4905 15 327 8546 11615 179 9233
67 4578 14 327 8495 11546 179 9178
67 4251 13 327 8444 11476 180 9123
67 3924 12 327 8393 11407 179 9068
67 3597 11 327 8342 11337 180 9013
67 3270 10 327 8291 11268 179 8958
67 2943 9 327 8240 11198 180 8902
67 2616 8 327 8189 11129 179 8847
67 2289 7 327 8138 11059 180 8792
67 1962 6 327 8086 10990 179 8737
67 1635 5 327 8035 10920 180 8681
67 1308 4 327 7984 10851 179 8626
67 981 3 327 7933 10782 179 8571
67 654 2 327 7882 10712 180 8516
67 327 1 327 7831 10643 179 8461
68 32700 100 327 12952 17678 1860 14009
68 32373 99 327 12901 17607 181 13953
68 32046 98 327 12849 17536 181 13897
68 31719 97 327 12797 17465 181 13841
68 31392 96 327 12745 17395 180 13785
68 31065 95 327 12693 17324 181 13729
68 30738 94 327 12642 17253 181 13673
68 30411 93 327 12590 17183 180 13617
68 30084 92 327 12538 17112 181 13561
68 29757 91 327 12486 17041 181 13505
68 29430 90 327 12434 16971 180 13449
68 29103 89 327 12383 16900 181 13393
68 28776 88 327 12331 16829 181 13337
68 28449 87 327 12279 16758 181 13281
68 28122 86 327 12227 16688 180 13225
68 27795 85 327 12175 16617 181 13169
68 27468 84 327 12124 16546 181 13113
68 27141 83 327 12072 16476 180 13057
68 26814 82 327 12020 16405 181 13001
68 26487 81 327 11968 16334 181 12945
68 26160 80 327 11916 16263 181 12889
68 25833 79 327 11864 16193 180 12833
68 25506 78 327 11813 16122 181 12777
68 25179 77 327 11761 16051 181 12720
68 24852 76 327 11709 15981 180 12665
68 24525 75 327 11657 15910 181 12608
68 24198 74 327 11605 15839 181 12552
68 23871 73 327 11554 15768 181 12496
68 23544 72 327 11502 15698 180 12440
68 23217 71 327 11450 15627 181 12384
68 22890 70 327 11398 15556 181 12328
68 22563 69 327 11346 15486 180 12272
68 22236 68 327 11295 15415 181 12216
68 21909 67 327 11243 15344 181 12160
68 21582 66 327 11191 15273 181 12104
68 21255 65 327 11139 15203 180 12048
68 20928 64 327 11087 15132 181 11992
68 20601 63 327 11036 15061 181 11936
68 20274 62 327 10984 14991 180 11880
68 19947 61 327 10932 14920 181 11824
68 19620 60 327 10880 14849 181 11768
68 19293 58 327 10828 14778 181 11712
68 18966 58 327 10776 14708 180 11656
68 18639 57 327 10725 14637 181 11600
68 18312 56 327 10673 14566 181 11544
68 17985 55 327 10621 14496 180 11488
68 17658 54 327 10569 14425 181 11432
68 17331 52 327 10517 14354 181 11376
68 17004 52 327 10466 14284 180 11320
68 16677 51 327 10414 14213 181 11264
68 16350 50 327 10362 14142 181 11207
68 16023 49 327 10310 14071 181 11151
68 15696 48 327 10258 14001 180 11096
68 15369 47 327 10207 13930 181 11039
68 15042 46 327 10155 13859 181 10983
68 14715 45 327 10103 13789 180 10927
68 14388 44 327 10051 13718 181 10871
68 14061 43 327 9999 13647 181 10815
68 13734 42 327 9947 13576 181 10759
68 13407 41 327 9896 13506 180 10703
68 13080 40 327 9844 13435 181 10647
68 12753 39 327 9792 13364 181 10591
68 12426 38 327 9740 13294 180 10535
68 12099 37 327 9688 13223 181 10479
68 11772 36 327 9637 13152 181 10423
68 11445 35 327 9585 13081 181 10367
68 11118 34 327 9533 13011 180 10311
68 10791 33 327 9481 12940 181 10255
68 10464 32 327 9429 12869 181 10199
68 10137 31 327 9378 12799 180 10143
68 9810 30 327 9326 12728 181 10087
68 9483 29 327 9274 12657 181 10031
68 9156 28 327 9222 12586 181 9975
68 8829 27 327 9170 12516 180 9919
68 8502 26 327 9119 12445 181 9863
68 8175 25 327 9067 12374 181 9806
68 7848 24 327 9015 12304 180 9751
68 7521 23 327 8963 12233 181 9695
68 7194 22 327 8911 12162 181 9638
68 6867 21 327 8859 12091 181 9582
68 6540 20 327 8808 12021 180 9526
68 6213 19 327 8756 11950 181 9470
68 5886 18 327 8704 11879 181 9414
68 5559 17 327 8652 11809 180 9358
68 5232 16 327 8600 11738 181 9302
68 4905 15 327 8549 11667 181 9246
68 4578 14 327 8497 11597 180 9190
68 4251 13 327 8445 11526 181 9134
68 3924 12 327 8393 11455 181 9078
68 3597 11 327 8341 11384 181 9022
68 3270 10 327 8290 11314 180 8966
68 2943 9 327 8238 11243 181 8910
68 2616 8 327 8186 11172 181 8854
68 2289 7 327 8134 11102 180 8798
68 1962 6 327 8082 11031 181 8742
68 1635 5 327 8031 10960 181 8686
68 1308 4 327 7979 10889 181 8630
68 981 3 327 7927 10819 180 8574
68 654 2 327 7875 10748 181 8518
68 327 1 327 7823 10677 181 8462
69 32700 100 327 13015 17838 1794 14092
69 32373 99 327 12962 17766 182 14036
69 32046 98 327 12910 17694 182 13979
69 31719 97 327 12857 17622 182 13922
69 31392 96 327 12805 17550 182 13865
69 31065 95 327 12752 17478 182 13808
69 30738 94 327 12700 17406 182 13751
69 30411 93 327 12647 17334 182 13694
69 30084 92 327 12595 17262 182 13637
69 29757 91 327 12542 17190 182 13581
69 29430 90 327 12490 17118 182 13524
69 29103 89 327 12437 17046 182 13467
69 28776 88 327 12384 16974 182 13410
69 28449 87 327 12332 16902 182 13353
69 28122 86 327 12279 16830 182 13296
69 27795 85 327 12227 16758 182 13239
69 27468 84 327 12174 16686 182 13183
69 27141 83 327 12122 16614 182 13126
69 26814 82 327 12069 16542 182 13069
69 26487 81 327 12017 16470 182 13012
69 26160 80 327 11964 16398 182 12955
69 25833 79 327 11912 16326 182 12898
69 25506 78 327 11859 16254 182 12841
69 25179 77 327 11807 16182 182 12784
69 24852 76 327 11754 16110 182 12728
69 24525 75 327 11702 16038 182 12671
69 24198 74 327 11649 15966 182 12614
69 23871 73 327 11597 15894 182 12557
69 23544 72 327 11544 15822 182 12500
69 23217 71 327 11492 15750 182 12443
69 22890 70 327 11439 15678 182 12386
69 22563 69 327 11387 15606 182 12329
69 22236 68 327 11334 15534 182 12273
69 21909 67 327 11282 15462 182 12216
69 21582 66 327 11229 15390 182 12159
69 21255 65 327 11177 15318 182 12102
69 20928 64 327 11124 15246 182 12045
69 20601 63 327 11072 15174 182 11988
69 20274 62 327 11019 15102 182 11931
69 19947 61 327 10967 15030 182 11874
69 19620 60 327 10914 14958 182 11818
69 19293 58 327 10862 14887 181 11761
69 18966 58 327 10809 14815 182 11704
69 18639 57 327 10757 14743 182 11647
69 18312 56 327 10704 14671 182 11590
69 17985 55 327 10651 14599 182 11534
69 17658 54 327 10599 14527 182 11477
69 17331 52 327 10546 14455 182 11420
69 17004 52 327 10494 14383 182 11363
69 16677 51 327 10441 14311 182 11306
69 16350 50 327 10389 14239 182 11249
69 16023 49 327 10336 14167 182 11192
69 15696 48 327 10284 14095 182 11135
69 15369 47 327 10231 14023 182 11079
69 15042 46 327 10179 13951 182 11022
69 14716 45 327 10126 13879 182 10965
69 14388 44 327 10074 13807 182 10908
69 14061 43 327 10021 13735 182 10851
69 13734 42 327 9969 13663 182 10794
69 13407 41 327 9916 13591 182 10737
69 13080 40 327 9864 13519 182 10680
69 12753 39 327 9811 13447 182 10624
69 12426 38 327 9759 13375 182 10567
69 12099 37 327 9706 13303 182 10510
69 11772 36 327 9654 13231 182 10453
69 11445 35 327 9601 13159 182 10396
69 11118 34 327 9549 13087 182 10339
69 10791 33 327 9496 13015 182 10282
69 10464 32 327 9444 12943 182 10226
69 10137 31 327 9391 12871 182 10169
69 9810 30 327 9339 12799 182 10112
69 9483 29 327 9286 12727 182 10055
69 9156 28 327 9234 12655 182 9998
69 8829 27 327 9181 12583 182 9941
69 8502 26 327 9129 12511 182 9884
69 8175 25 327 9076 12439 182 9827
69 7848 24 327 9024 12367 182 9771
69 7521 23 327 8971 12295 182 9714
69 7194 22 327 8918 12223 182 9657
69 6867 21 327 8866 12151 182 9600
69 6540 20 327 8813 12079 182 9543
69 6213 19 327 8761 12007 182 9486
69 5886 18 327 8708 11935 182 9429
69 5559 17 327 8656 11864 181 9373
69 5232 16 327 8603 11792 182 9316
69 4905 15 327 8551 11720 182 9259
69 4578 14 327 8498 11648 182 9202
69 4251 13 327 8446 11576 182 9145
69 3924 12 327 8393 11504 182 9088
69 3597 11 327 8341 11432 182 9032
69 3270 10 327 8288 11360 182 8975
69 2943 9 327 8236 11288 182 8918
69 2616 8 327 8183 11216 182 8861
69 2289 7 327 8131 11144 182 8804
69 1962 6 327 8078 11072 182 8747
69 1635 5 327 8026 11000 182 8690
69 1308 4 327 7973 10928 182 8633
69 981 3 327 7921 10856 182 8577
69 654 2 327 7868 10784 182 8520
69 327 1 327 7816 10712 182 8463
70 32700 100 327 13077 17998 1727 14175
70 32373 99 327 13024 17925 183 14118
70 32046 98 327 12970 17852 183 14060
70 31719 97 327 12917 17778 184 14002
70 31392 96 327 12864 17705 183 13944
70 31065 95 327 12811 17632 183 13887
70 30738 94 327 12757 17559 183 13829
70 30411 93 327 12704 17485 184 13771
70 30084 92 327 12651 17412 183 13714
70 29757 91 327 12598 17339 183 13656
70 29430 90 327 12545 17266 183 13598
70 29103 89 327 12491 17192 184 13540
70 28776 88 327 12438 17119 183 13483
70 28449 87 327 12385 17046 183 13425
70 28122 86 327 12332 16973 183 13368
70 27795 85 327 12278 16899 184 13310
70 27468 84 327 12225 16826 183 13252
70 27141 83 327 12172 16753 183 13194
70 26814 82 327 12119 16680 183 13137
70 26487 81 327 12066 16606 184 13079
70 26160 80 327 12012 16533 183 13021
70 25833 79 327 11959 16460 183 12964
70 25506 78 327 11906 16387 183 12906
70 25180 77 327 11853 16314 183 12849
70 24852 76 327 11799 16240 184 12791
70 24525 75 327 11746 16167 183 12733
70 24198 74 327 11693 16094 183 12675
70 23871 73 327 11640 16020 184 12617
70 23544 72 327 11587 15947 183 12560
70 23217 71 327 11533 15874 183 12502
70 22890 70 327 11480 15801 183 12445
70 22563 69 327 11427 15727 184 12387
70 22236 68 327 11374 15654 183 12329
70 21909 67 327 11320 15581 183 12271
70 21582 66 327 11267 15508 183 12214
70 21255 65 327 11214 15434 184 12156
70 20928 64 327 11161 15361 183 12098
70 20601 63 327 11108 15288 183 12041
70 20274 62 327 11054 15215 183 11983
70 19947 61 327 11001 15141 184 11925
70 19620 60 327 10948 15068 183 11868
70 19293 58 327 10895 14995 183 11810
70 18966 58 327 10842 14922 183 11752
70 18639 57 327 10788 14848 184 11694
70 18312 56 327 10735 14775 183 11637
70 17985 55 327 10682 14702 183 11579
70 17658 54 327 10629 14629 183 11522
70 17331 52 327 10575 14555 184 11464
70 17004 52 327 10522 14482 183 11406
70 16677 51 327 10469 14409 183 11348
70 16350 50 327 10416 14336 183 11291
70 16023 49 327 10363 14262 184 11233
70 15696 48 327 10309 14189 183 11175
70 15369 47 327 10256 14116 183 11118
70 15043 46 327 10203 14043 183 11060
70 14715 45 327 10150 13969 184 11002
70 14388 44 327 10096 13896 183 10945
70 14061 43 327 10043 13823 183 10887
70 13734 42 327 9990 13750 183 10829
70 13407 41 327 9937 13676 184 10771
70 13080 40 327 9884 13603 183 10714
70 12754 39 327 9831 13530 183 10656
70 12426 38 327 9777 13457 183 10598
70 12099 37 327 9724 13383 184 10541
70 11772 36 327 9671 13310 183 10483
70 11445 35 327 9617 13237 183 10425
70 11119 34 327 9564 13164 183 10368
70 10791 33 327 9511 13090 184 10310
70 10464 32 327 9458 13017 183 10252
70 10137 31 327 9405 12944 183 10195
70 9810 30 327 9351 12871 183 10137
70 9483 29 327 9298 12797 184 10079
70 9156 28 327 9245 12724 183 10021
70 8829 27 327 9192 12651 183 9964
70 8502 26 327 9139 12578 183 9906
70 8175 25 327 9085 12504 184 9848
70 7848 24 327 9032 12431 183 9791
70 7521 23 327 8979 12358 183 9733
70 7194 22 327 8926 12285 183 9675
70 6867 21 327 8872 12211 184 9618
70 6540 20 327 8819 12138 183 9560
70 6213 19 327 8766 12065 183 9502
70 5886 18 327 8713 11992 183 9445
70 5559 17 327 8660 11918 184 9387
70 5233 16 327 8606 11845 183 9329
70 4905 15 327 8553 11772 183 9272
70 4578 14 327 8500 11699 183 9214
70 4251 13 327 8447 11626 183 9156
70 3924 12 327 8393 11552 184 9098
70 3597 11 327 8340 11479 183 9041
70 3270 10 327 8287 11406 183 8983
70 2943 9 327 8234 11333 183 8926
70 2616 8 327 8181 11259 184 8868
70 2289 7 327 8127 11186 183 8810
70 1962 6 327 8074 11113 183 8752
70 1635 5 327 8021 11040 183 8695
70 1308 4 327 7968 10966 184 8637
70 981 3 327 7914 10893 183 8579
70 654 2 327 7861 10820 183 8522
70 327 1 327 7808 10747 183 8464
71 32700 100 327 13139 18159 1659 14258
71 32373 99 327 13085 18085 184 14200
71 32046 98 327 13031 18010 185 14141
71 31719 97 327 12977 17936 184 14083
71 31392 96 327 12923 17861 185 14024
71 31065 95 327 12869 17787 184 13966
71 30738 94 327 12815 17712 185 13907
71 30411 93 327 12761 17638 184 13849
71 30084 92 327 12707 17563 185 13790
71 29757 91 327 12653 17489 184 13732
71 29430 90 327 12599 17414 185 13673
71 29103 89 327 12545 17339 185 13614
71 28776 88 327 12492 17265 184 13556
71 28449 87 327 12438 17190 185 13497
71 28122 86 327 12384 17116 184 13439
71 27795 85 327 12330 17041 185 13380
71 27468 84 327 12276 16967 184 13322
71 27141 83 327 12222 16892 185 13263
71 26814 82 327 12168 16818 184 13205
71 26487 81 327 12114 16743 185 13146
71 26160 80 327 12060 16669 184 13088
71 25833 79 327 12006 16594 185 13029
71 25506 78 327 11952 16520 184 12971
71 25179 77 327 11898 16445 185 12912
71 24852 76 327 11844 16371 184 12854
71 24525 75 327 11791 16296 185 12795
71 24198 74 327 11737 16222 184 12737
71 23871 73 327 11683 16147 185 12678
71 23544 72 327 11629 16073 184 12620
71 23217 71 327 11575 15998 185 12561
71 22890 70 327 11521 15923 185 12502
71 22563 69 327 11467 15849 184 12444
71 22236 68 327 11413 15774 185 12385
71 21909 67 327 11359 15700 184 12327
71 21582 66 327 11305 15625 185 12268
71 21255 65 327 11251 15551 184 12210
71 20928 64 327 11197 15476 185 12151
71 20601 63 327 11144 15402 184 12093
71 20274 62 327 11090 15327 185 12034
71 19947 61 327 11036 15253 184 11976
71 19620 60 327 10982 15178 185 11917
71 19293 58 327 10928 15104 184 11859
71 18966 58 327 10874 15029 185 11800
71 18639 57 327 10820 14955 184 11742
71 18312 56 327 10766 14880 185 11683
71 17985 55 327 10712 14806 184 11625
71 17658 54 327 10658 14731 185 11566
71 17331 52 327 10604 14657 184 11508
71 17004 52 327 10550 14582 185 11449
71 16677 51 327 10496 14507 185 11391
71 16350 50 327 10443 14433 184 11332
71 16023 49 327 10389 14358 185 11274
71 15696 48 327 10335 14284 184 11215
71 15369 47 327 10281 14209 185 11157
71 15042 46 327 10227 14135 184 11098
71 14715 45 327 10173 14060 185 11040
71 14388 44 327 10119 13986 184 10981
71 14061 43 327 10065 13911 185 10923
71 13734 42 327 10011 13837 184 10864
71 13407 41 327 9957 13762 185 10806
71 13080 40 327 9903 13688 184 10747
71 12753 39 327 9849 13613 185 10689
71 12426 38 327 9795 13539 184 10630
71 12099 37 327 9742 13464 185 10572
71 11772 36 327 9688 13390 184 10513
71 11445 35 327 9634 13315 185 10454
71 11118 34 327 9580 13241 184 10396
71 10791 33 327 9526 13166 185 10337
71 10464 32 327 9472 13091 185 10279
71 10137 31 327 9418 13017 184 10220
71 9810 30 327 9364 12942 185 10162
71 9483 29 327 9310 12868 184 10103
71 9156 28 327 9256 12793 185 10045
71 8829 27 327 9202 12719 184 9986
71 8502 26 327 9148 12644 185 9928
71 8175 25 327 9095 12570 184 9869
71 7848 24 327 9041 12495 185 9811
71 7521 23 327 8987 12421 184 9752
71 7194 22 327 8933 12346 185 9694
71 6867 21 327 8879 12272 184 9635
71 6540 20 327 8825 12197 185 9577
71 6213 19 327 8771 12123 184 9518
71 5886 18 327 8717 12048 185 9460
71 5559 17 327 8663 11974 184 9401
71 5232 16 327 8609 11899 185 9343
71 4905 15 327 8555 11825 184 9284
71 4578 14 327 8501 11750 185 9226
71 4251 13 327 8447 11675 185 9167
71 3924 12 327 8394 11601 184 9109
71 3597 11 327 8340 11526 185 9050
71 3270 10 327 8286 11452 184 8992
71 2943 9 327 8232 11377 185 8933
71 2616 8 327 8178 11303 184 8875
71 2289 7 327 8124 11228 185 8816
71 1962 6 327 8070 11154 184 8758
71 1635 5 327 8016 11079 185 8699
71 1308 4 327 7962 11005 184 8641
71 981 3 327 7908 10930 185 8582
71 654 2 327 7854 10856 184 8524
71 327 1 327 7800 10781 185 8465
72 32700 100 327 13200 18321 1589 14341
72 32373 99 327 13146 18245 186 14281
72 32046 98 327 13091 18170 185 14222
72 31719 97 327 13036 18094 186 14163
72 31392 96 327 12982 18018 186 14104
72 31065 95 327 12927 17942 186 14044
72 30738 94 327 12873 17866 186 13985
72 30411 93 327 12818 17790 186 13925
72 30084 92 327 12763 17715 185 13866
72 29757 91 327 12709 17639 186 13807
72 29430 90 327 12654 17563 186 13747
72 29103 89 327 12599 17487 186 13688
72 28776 88 327 12545 17411 186 13629
72 28449 87 327 12490 17336 185 13570
72 28122 86 327 12436 17260 186 13510
72 27795 85 327 12381 17184 186 13451
72 27468 84 327 12326 17108 186 13391
72 27141 83 327 12272 17032 186 13332
72 26814 82 327 12217 16957 185 13273
72 26487 81 327 12163 16881 186 13213
72 26160 80 327 12108 16805 186 13154
72 25833 79 327 12053 16729 186 13095
72 25506 78 327 11999 16653 186 13035
72 25179 77 327 11944 16577 186 12976
72 24852 76 327 11889 16502 185 12917
72 24525 75 327 11835 16426 186 12857
72 24198 74 327 11780 16350 186 12798
72 23871 73 327 11726 16274 186 12739
72 23544 72 327 11671 16198 186 12679
72 23217 71 327 11616 16123 185 12620
72 22890 70 327 11562 16047 186 12561
72 22563 69 327 11507 15971 186 12501
72 22236 68 327 11452 15895 186 12442
72 21909 67 327 11398 15819 186 12382
72 21582 66 327 11343 15744 185 12323
72 21255 65 327 11289 15668 186 12264
72 20928 64 327 11234 15592 186 12205
72 20601 63 327 11179 15516 186 12145
72 20274 62 327 11125 15440 186 12086
72 19947 61 327 11070 15365 185 12027
72 19620 60 327 11015 15289 186 11967
72 19293 58 327 10961 15213 186 11908
72 18966 58 327 10906 15137 186 11848
72 18639 57 327 10852 15061 186 11789
72 18312 56 327 10797 14985 186 11730
72 17985 55 327 10742 14910 185 11671
72 17658 54 327 10688 14834 186 11611
72 17331 52 327 10633 14758 186 11552
72 17004 52 327 10578 14682 186 11492
72 16677 51 327 10524 14606 186 11433
72 16351 50 327 10469 14531 185 11374
72 16023 49 327 10415 14455 186 11314
72 15696 48 327 10360 14379 186 11255
72 15369 47 327 10305 14303 186 11196
72 15042 46 327 10251 14227 186 11136
72 14715 45 327 10196 14152 185 11077
72 14388 44 327 10141 14076 186 11018
72 14061 43 327 10087 14000 186 10958
72 13734 42 327 10032 13924 186 10899
72 13407 41 327 9978 13848 186 10840
72 13080 40 327 9923 13772 186 10780
72 12753 39 327 9868 13697 185 10721
72 12426 38 327 9814 13621 186 10662
72 12099 37 327 9759 13545 186 10602
72 11772 36 327 9705 13469 186 10543
72 11445 35 327 9650 13393 186 10484
72 11118 34 327 9595 13318 185 10424
72 10791 33 327 9541 13242 186 10365
72 10464 32 327 9486 13166 186 10306
72 10137 31 327 9431 13090 186 10246
72 9810 30 327 9377 13014 186 10187
72 9483 29 327 9322 12939 185 10128
72 9156 28 327 9268 12863 186 10068
72 8829 27 327 9213 12787 186 10009
72 8502 26 327 9158 12711 186 9950
72 8175 25 327 9104 12635 186 9890
72 7848 24 327 9049 12559 186 9831
72 7521 23 327 8994 12484 185 9772
72 7194 22 327 8940 12408 186 9712
72 6867 21 327 8885 12332 186 9653
72 6540 20 327 8831 12256 186 9593
72 6213 19 327 8776 12180 186 9534
72 5886 18 327 8721 12105 185 9475
72 5559 17 327 8667 12029 186 9416
72 5232 16 327 8612 11953 186 9356
72 4905 15 327 8557 11877 186 9297
72 4578 14 327 8503 11801 186 9237
72 4251 13 327 8448 11726 185 9178
72 3924 12 327 8394 11650 186 9119
72 3597 11 327 8339 11574 186 9059
72 3270 10 327 8284 11498 186 9000
72 2943 9 327 8230 11422 186 8941
72 2616 8 327 8175 11346 186 8881
72 2289 7 327 8120 11271 185 8822
72 1962 6 327 8066 11195 186 8763
72 1635 5 327 8011 11119 186 8703
72 1308 4 327 7957 11043 186 8644
72 981 3 327 7902 10967 186 8585
72 655 2 327 7848 10892 185 8526
72 327 1 327 7793 10816 186 8466
