30 32700 100 327 20776 23989 5207 21524
30 32373 99 327 20728 23934 5195 21475
30 32046 98 327 20681 23879 5184 21425
30 31719 97 327 20633 23824 5172 21376
30 31392 96 327 20586 23769 5161 21327
30 31065 95 327 20538 23714 5149 21277
30 30738 94 327 20490 23659 5137 21228
30 30411 93 327 20443 23604 5126 21179
30 30084 92 327 20395 23549 5114 21129
30 29757 91 327 20348 23494 5103 21080
30 29430 90 327 20300 23439 5091 21031
30 29103 89 327 20253 23384 5080 20982
30 28776 88 327 20205 23329 5068 20932
30 28449 87 327 20157 23275 5054 20883
30 28122 86 327 20110 23220 5044 20834
30 27795 85 327 20062 23165 5031 20785
30 27468 84 327 20015 23110 5021 20735
30 27141 83 327 19967 23055 5008 20686
30 26814 82 327 19920 23000 4998 20637
30 26487 81 327 19872 22945 4985 20587
30 26160 80 327 19824 22890 4973 20538
30 25833 79 327 19777 22835 4962 20489
30 25506 78 327 19729 22780 4950 20439
30 25179 77 327 19682 22725 4939 20390
30 24852 76 327 19634 22670 4927 20341
30 24525 75 327 19586 22615 4915 20292
30 24199 74 327 19539 22561 4903 20243
30 23871 73 327 19491 22505 4892 20193
30 23544 72 327 19444 22451 4880 20144
30 23217 71 327 19396 22396 4868 20095
30 22890 70 327 19349 22341 4857 20045
30 22563 69 327 19301 22286 4845 19996
30 22236 68 327 19253 22231 4834 19947
30 21909 67 327 19206 22176 4822 19897
30 21582 66 327 19158 22121 4810 19848
30 21255 65 327 19111 22066 4799 19799
30 20928 64 327 19063 22011 4787 19749
30 20601 63 327 19016 21956 4776 19700
30 20274 62 327 18968 21901 4764 19651
30 19947 61 327 18920 21846 4752 19601
30 19620 60 327 18873 21791 4741 19552
30 19293 58 327 18825 21736 4729 19503
30 18966 58 327 18778 21681 4718 19454
30 18639 57 327 18730 21626 4706 19404
30 18312 56 327 18682 21572 4692 19355
30 17985 55 327 18635 21517 4682 19306
30 17658 54 327 18587 21462 4669 19257
30 17331 52 327 18540 21407 4659 19207
30 17004 52 327 18492 21352 4646 19158
30 16677 51 327 18445 21297 4636 19109
30 16350 50 327 18397 21242 4623 19059
30 16023 49 327 18349 21187 4611 19010
30 15696 48 327 18302 21132 4600 18961
30 15369 47 327 18254 21077 4588 18911
30 15042 46 327 18207 21022 4577 18862
30 14715 45 327 18159 20967 4565 18813
30 14388 44 327 18112 20912 4554 18763
30 14061 43 327 18064 20857 4542 18714
30 13734 42 327 18016 20802 4530 18665
30 13407 41 327 17969 20747 4519 18616
30 13080 40 327 17921 20693 4506 18567
30 12753 39 327 17874 20638 4495 18517
30 12426 38 327 17826 20583 4483 18468
30 12099 37 327 17778 20528 4471 18419
30 11772 36 327 17731 20473 4460 18369
30 11445 35 327 17683 20418 4448 18320
30 11118 34 327 17636 20363 4437 18271
30 10791 33 327 17588 20308 4425 18221
30 10464 32 327 17541 20253 4414 18172
30 10137 31 327 17493 20198 4402 18123
30 9810 30 327 17445 20143 4390 18073
30 9483 29 327 17398 20088 4379 18024
30 9156 28 327 17350 20033 4367 17975
30 8829 27 327 17303 19978 4356 17925
30 8502 26 327 17255 19923 4344 17876
30 8175 25 327 17208 19869 4332 17827
30 7848 24 327 17160 19814 4320 17778
30 7521 23 327 17112 19759 4309 17729
30 7194 22 327 17065 19704 4297 17679
30 6867 21 327 17017 19649 4284 17630
30 6540 20 327 16970 19594 4274 17581
30 6213 19 327 16922 19539 4261 17531
30 5886 18 327 16875 19484 4251 17482
30 5559 17 327 16827 19429 4238 17433
30 5232 16 327 16779 19374 4226 17383
30 4905 15 327 16732 19319 4215 17334
30 4578 14 327 16684 19264 4203 17285
30 4251 13 327 16637 19209 4192 17235
30 3924 12 327 16589 19154 4180 17186
30 3597 11 327 16541 19099 4168 17137
30 3270 10 327 16494 19044 4157 17088
30 2943 9 327 16446 18990 4144 17039
30 2616 8 327 16399 18935 4133 16989
30 2289 7 327 16351 18880 4121 16940
30 1962 6 327 16304 18825 4110 16891
30 1635 5 327 16256 18770 4098 16841
30 1308 4 327 16208 18715 4086 16792
30 981 3 327 16161 18660 4075 16743
30 654 2 327 16113 18605 4063 16693
30 327 1 327 16066 18550 4052 16644
31 32700 100 327 20913 24258 5130 21691
31 32373 99 327 20864 24201 5118 21640
31 32046 98 327 20815 24144 5107 21589
31 31719 97 327 20766 24087 5095 21538
31 31392 96 327 20717 24030 5083 21487
31 31065 95 327 20667 23973 5072 21436
31 30739 94 327 20618 23917 5058 21386
31 30412 93 327 20569 23860 5046 21335
31 30084 92 327 20520 23802 5036 21283
31 29757 91 327 20471 23745 5024 21232
31 29430 90 327 20422 23688 5012 21181
31 29103 89 327 20373 23631 5001 21130
31 28776 88 327 20324 23575 4988 21080
31 28449 87 327 20274 23518 4975 21029
31 28123 86 327 20226 23461 4964 20978
31 27795 85 327 20176 23404 4952 20927
31 27468 84 327 20127 23347 4940 20876
31 27141 83 327 20078 23290 4929 20825
31 26814 82 327 20029 23233 4917 20774
31 26487 81 327 19980 23176 4906 20723
31 26160 80 327 19931 23119 4894 20672
31 25833 79 327 19882 23062 4882 20621
31 25506 78 327 19832 23005 4869 20570
31 25179 77 327 19783 22948 4858 20519
31 24853 76 327 19734 22891 4846 20468
31 24525 75 327 19685 22834 4835 20417
31 24198 74 327 19636 22777 4823 20366
31 23871 73 327 19587 22720 4811 20316
31 23544 72 327 19538 22663 4800 20265
31 23217 71 327 19489 22606 4788 20214
31 22890 70 327 19440 22549 4777 20163
31 22563 69 327 19390 22492 4764 20112
31 22236 68 327 19341 22435 4752 20061
31 21909 67 327 19292 22378 4740 20010
31 21582 66 327 19243 22321 4729 19959
31 21255 65 327 19194 22264 4717 19908
31 20928 64 327 19145 22207 4706 19857
31 20601 63 327 19096 22150 4694 19806
31 20274 62 327 19047 22093 4682 19755
31 19947 61 327 18998 22036 4671 19704
31 19620 60 327 18948 21979 4658 19653
31 19293 58 327 18899 21922 4646 19602
31 18966 58 327 18850 21865 4635 19551
31 18639 57 327 18801 21808 4623 19500
31 18312 56 327 18752 21751 4611 19449
31 17985 55 327 18703 21695 4599 19399
31 17658 54 327 18654 21638 4587 19348
31 17331 52 327 18605 21581 4576 19297
31 17004 52 327 18555 21524 4563 19246
31 16677 51 327 18506 21467 4551 19195
31 16350 50 327 18457 21410 4539 19144
31 16023 49 327 18408 21353 4528 19093
31 15696 48 327 18359 21296 4516 19042
31 15369 47 327 18310 21239 4505 18991
31 15042 46 327 18261 21182 4493 18940
31 14715 45 327 18212 21125 4481 18889
31 14388 44 327 18163 21068 4470 18838
31 14061 43 327 18113 21011 4457 18787
31 13734 42 327 18064 20954 4445 18736
31 13407 41 327 18015 20897 4434 18685
31 13080 40 327 17966 20840 4422 18634
31 12753 39 327 17917 20783 4410 18584
31 12426 38 327 17868 20726 4399 18533
31 12099 37 327 17819 20669 4387 18482
31 11772 36 327 17770 20612 4376 18431
31 11445 35 327 17721 20555 4364 18380
31 11118 34 327 17671 20498 4351 18329
31 10791 33 327 17622 20441 4339 18278
31 10464 32 327 17573 20384 4328 18227
31 10137 31 327 17524 20327 4316 18176
31 9810 30 327 17475 20270 4305 18125
31 9483 29 327 17426 20213 4293 18074
31 9156 28 327 17377 20156 4281 18023
31 8829 27 327 17328 20099 4270 17972
31 8502 26 327 17279 20042 4258 17921
31 8175 25 327 17229 19985 4245 17870
31 7848 24 327 17180 19928 4234 17819
31 7521 23 327 17131 19871 4222 17768
31 7195 22 327 17082 19815 4209 17718
31 6867 21 327 17033 19758 4198 17667
31 6540 20 327 16984 19701 4186 17616
31 6213 19 327 16935 19644 4175 17565
31 5886 18 327 16886 19587 4163 17514
31 5559 17 327 16837 19530 4151 17463
31 5232 16 327 16787 19473 4138 17412
31 4905 15 327 16738 19416 4127 17361
31 4578 14 327 16689 19359 4115 17310
31 4251 13 327 16640 19302 4104 17259
31 3924 12 327 16591 19245 4092 17208
31 3597 11 327 16542 19188 4080 17157
31 3270 10 327 16493 19131 4069 17106
31 2943 9 327 16444 19074 4057 17055
31 2616 8 327 16394 19017 4044 17004
31 2289 7 327 16345 18960 4033 16953
31 1962 6 327 16296 18903 4021 16902
31 1635 5 327 16247 18846 4009 16852
31 1308 4 327 16198 18789 3998 16801
31 981 3 327 16149 18732 3986 16750
31 654 2 327 16100 18675 3975 16699
31 327 1 327 16051 18618 3963 16648
32 32700 100 327 21050 24529 5051 21858
32 32373 99 327 20999 24470 5038 21805
32 32046 98 327 20948 24411 5026 21753
32 31719 97 327 20898 24352 5015 21700
32 31392 96 327 20847 24293 5002 21648
32 31065 95 327 20796 24234 4990 21595
32 30738 94 327 20746 24175 4979 21542
32 30411 93 327 20695 24116 4967 21490
32 30084 92 327 20644 24057 4954 21437
32 29757 91 327 20594 23998 4943 21385
32 29430 90 327 20543 23939 4931 21332
32 29103 89 327 20493 23880 4920 21280
32 28776 88 327 20442 23821 4907 21227
32 28449 87 327 20391 23762 4895 21174
32 28122 86 327 20341 23703 4884 21122
32 27795 85 327 20290 23644 4872 21069
32 27469 84 327 20239 23585 4859 21017
32 27141 83 327 20189 23526 4848 20964
32 26814 82 327 20138 23467 4836 20911
32 26487 81 327 20087 23408 4823 20859
32 26160 80 327 20037 23349 4812 20806
32 25833 79 327 19986 23290 4800 20754
32 25506 78 327 19935 23231 4788 20701
32 25179 77 327 19885 23172 4777 20649
32 24852 76 327 19834 23113 4764 20596
32 24525 75 327 19784 23054 4753 20543
32 24198 74 327 19733 22994 4742 20490
32 23871 73 327 19682 22935 4729 20438
32 23544 72 327 19632 22876 4718 20385
32 23217 71 327 19581 22817 4706 20333
32 22890 70 327 19530 22758 4694 20280
32 22563 69 327 19480 22699 4683 20228
32 22236 68 327 19429 22640 4670 20175
32 21909 67 327 19378 22581 4658 20122
32 21582 66 327 19328 22522 4647 20070
32 21255 65 327 19277 22463 4634 20017
32 20928 64 327 19226 22404 4623 19965
32 20601 63 327 19176 22345 4611 19912
32 20274 62 327 19125 22286 4599 19859
32 19947 61 327 19074 22227 4586 19807
32 19620 60 327 19024 22168 4575 19754
32 19293 58 327 18973 22109 4563 19702
32 18966 58 327 18923 22050 4552 19649
32 18639 57 327 18872 21991 4539 19596
32 18312 56 327 18821 21932 4527 19544
32 17985 55 327 18771 21873 4516 19491
32 17658 54 327 18720 21814 4504 19439
32 17331 52 327 18669 21755 4491 19386
32 17004 52 327 18619 21696 4480 19334
32 16677 51 327 18568 21637 4468 19281
32 16350 50 327 18517 21578 4455 19228
32 16023 49 327 18467 21519 4444 19176
32 15696 48 327 18416 21460 4432 19123
32 15369 47 327 18365 21401 4420 19071
32 15042 46 327 18315 21342 4409 19018
32 14715 45 327 18264 21283 4396 18965
32 14388 44 327 18213 21224 4384 18913
32 14061 43 327 18163 21165 4373 18860
32 13734 42 327 18112 21106 4360 18808
32 13407 41 327 18062 21047 4349 18755
32 13080 40 327 18011 20988 4337 18703
32 12753 39 327 17960 20929 4325 18650
32 12426 38 327 17910 20870 4314 18597
32 12099 37 327 17859 20811 4301 18545
32 11772 36 327 17808 20752 4289 18492
32 11445 35 327 17758 20693 4278 18440
32 11118 34 327 17707 20634 4265 18387
32 10791 33 327 17656 20575 4253 18334
32 10464 32 327 17606 20516 4242 18282
32 10137 31 327 17555 20457 4230 18229
32 9810 30 327 17504 20398 4217 18177
32 9483 29 327 17454 20339 4206 18124
32 9156 28 327 17403 20280 4194 18072
32 8829 27 327 17353 20221 4183 18019
32 8502 26 327 17302 20162 4170 17966
32 8175 25 327 17251 20103 4158 17914
32 7848 24 327 17201 20044 4147 17861
32 7521 23 327 17150 19985 4135 17809
32 7194 22 327 17099 19926 4122 17756
32 6867 21 327 17049 19867 4111 17703
32 6540 20 327 16998 19808 4099 17651
32 6213 19 327 16947 19749 4086 17598
32 5886 18 327 16897 19690 4075 17546
32 5559 17 327 16846 19631 4063 17493
32 5232 16 327 16795 19571 4052 17440
32 4905 15 327 16745 19512 4041 17388
32 4578 14 327 16694 19453 4028 17335
32 4251 13 327 16643 19394 4016 17282
32 3924 12 327 16593 19335 4005 17230
32 3597 11 327 16542 19276 3992 17177
32 3270 10 327 16492 19217 3981 17125
32 2943 9 327 16441 19158 3969 17072
32 2616 8 327 16390 19099 3957 17020
32 2289 7 327 16340 19040 3946 16967
32 1962 6 327 16289 18981 3933 16914
32 1635 5 327 16238 18922 3921 16862
32 1308 4 327 16188 18863 3910 16809
32 981 3 327 16137 18804 3897 16757
32 654 2 327 16086 18745 3885 16704
32 327 1 327 16036 18686 3874 16651
33 32700 100 327 21186 24801 4969 22025
33 32373 99 327 21134 24740 4957 21971
33 32046 98 327 21082 24679 4945 21917
33 31719 97 327 21029 24618 4932 21862
33 31392 96 327 20977 24557 4920 21808
33 31065 95 327 20925 24496 4909 21754
33 30738 94 327 20873 24435 4897 21700
33 30411 93 327 20821 24373 4886 21645
33 30084 92 327 20769 24312 4874 21591
33 29757 91 327 20716 24251 4861 21537
33 29430 90 327 20664 24190 4849 21482
33 29103 89 327 20612 24129 4837 21428
33 28776 88 327 20560 24068 4826 21374
33 28449 87 327 20508 24007 4814 21320
33 28122 86 327 20456 23946 4802 21266
33 27795 85 327 20403 23885 4789 21211
33 27468 84 327 20351 23824 4777 21157
33 27141 83 327 20299 23763 4765 21103
33 26814 82 327 20247 23702 4753 21049
33 26487 81 327 20195 23641 4742 20995
33 26160 80 327 20143 23579 4731 20940
33 25833 79 327 20090 23518 4718 20886
33 25506 78 327 20038 23457 4706 20832
33 25179 77 327 19986 23396 4694 20777
33 24852 76 327 19934 23335 4682 20723
33 24525 75 327 19882 23274 4670 20669
33 24198 74 327 19829 23213 4657 20615
33 23871 73 327 19777 23152 4645 20560
33 23544 72 327 19725 23091 4634 20506
33 23217 71 327 19673 23030 4622 20452
33 22890 70 327 19621 22969 4610 20398
33 22563 69 327 19569 22908 4598 20344
33 22236 68 327 19516 22847 4585 20289
33 21909 67 327 19464 22785 4574 20235
33 21582 66 327 19412 22724 4562 20181
33 21255 65 327 19360 22663 4551 20126
33 20928 64 327 19308 22602 4539 20072
33 20601 63 327 19256 22541 4527 20018
33 20274 62 327 19203 22480 4514 19964
33 19947 61 327 19151 22419 4502 19910
33 19620 60 327 19099 22358 4490 19855
33 19293 58 327 19047 22297 4478 19801
33 18966 58 327 18995 22236 4467 19747
33 18639 57 327 18943 22175 4455 19693
33 18312 56 327 18890 22114 4442 19638
33 17985 55 327 18838 22053 4430 19584
33 17658 54 327 18786 21991 4419 19530
33 17331 52 327 18734 21930 4407 19476
33 17005 52 327 18682 21869 4395 19421
33 16677 51 327 18629 21808 4382 19367
33 16350 50 327 18577 21747 4370 19313
33 16023 49 327 18525 21686 4359 19259
33 15696 48 327 18473 21625 4347 19204
33 15369 47 327 18421 21564 4335 19150
33 15042 46 327 18369 21503 4323 19096
33 14715 45 327 18316 21442 4310 19042
33 14388 44 327 18264 21381 4298 18988
33 14061 43 327 18212 21320 4286 18933
33 13734 42 327 18160 21259 4275 18879
33 13407 41 327 18108 21197 4264 18825
33 13080 40 327 18056 21136 4252 18770
33 12753 39 327 18003 21075 4240 18716
33 12426 38 327 17951 21014 4227 18662
33 12099 37 327 17899 20953 4215 18608
33 11772 36 327 17847 20892 4203 18554
33 11445 35 327 17795 20831 4192 18499
33 11118 34 327 17742 20770 4178 18445
33 10791 33 327 17690 20709 4167 18391
33 10464 32 327 17638 20648 4155 18337
33 10137 31 327 17586 20587 4143 18282
33 9810 30 327 17534 20526 4131 18228
33 9483 29 327 17482 20465 4119 18174
33 9156 28 327 17429 20403 4107 18120
33 8829 27 327 17377 20342 4095 18065
33 8503 26 327 17325 20281 4084 18011
33 8175 25 327 17273 20220 4072 17957
33 7848 24 327 17221 20159 4060 17903
33 7521 23 327 17169 20098 4048 17848
33 7194 22 327 17116 20037 4035 17794
33 6867 21 327 17064 19976 4023 17740
33 6540 20 327 17012 19915 4011 17686
33 6213 19 327 16960 19854 4000 17632
33 5886 18 327 16908 19793 3988 17577
33 5559 17 327 16856 19732 3976 17523
33 5232 16 327 16803 19671 3963 17469
33 4905 15 327 16751 19609 3952 17414
33 4578 14 327 16699 19548 3940 17360
33 4251 13 327 16647 19487 3928 17306
33 3924 12 327 16595 19426 3917 17252
33 3597 11 327 16542 19365 3903 17198
33 3270 10 327 16490 19304 3892 17143
33 2943 9 327 16438 19243 3880 17089
33 2616 8 327 16386 19182 3868 17035
33 2289 7 327 16334 19121 3856 16981
33 1962 6 327 16282 19060 3844 16926
33 1635 5 327 16229 18999 3831 16872
33 1308 4 327 16177 18938 3819 16818
33 981 3 327 16125 18877 3808 16764
33 654 2 327 16073 18815 3797 16709
33 327 1 327 16021 18754 3785 16655
34 32700 100 327 21322 25074 4886 22192
34 32373 99 327 21268 25011 4874 22136
34 32046 98 327 21215 24948 4863 22080
34 31719 97 327 21161 24885 4850 22024
34 31392 96 327 21107 24822 4837 21968
34 31065 95 327 21054 24759 4826 21913
34 30738 94 327 21000 24695 4815 21856
34 30411 93 327 20946 24632 4802 21801
34 30084 92 327 20892 24569 4789 21745
34 29757 91 327 20839 24506 4778 21689
34 29430 90 327 20785 24443 4766 21633
34 29103 89 327 20731 24380 4753 21577
34 28776 88 327 20678 24317 4742 21521
34 28449 87 327 20624 24253 4730 21465
34 28122 86 327 20570 24190 4718 21409
34 27795 85 327 20517 24127 4706 21354
34 27468 84 327 20463 24064 4694 21298
34 27141 83 327 20409 24001 4681 21242
34 26815 82 327 20356 23938 4669 21186
34 26487 81 327 20302 23875 4657 21130
34 26160 80 327 20248 23811 4646 21074
34 25833 79 327 20194 23748 4633 21018
34 25506 78 327 20141 23685 4622 20962
34 25179 77 327 20087 23622 4609 20907
34 24852 76 327 20033 23559 4597 20851
34 24525 75 327 19980 23496 4586 20795
34 24198 74 327 19926 23432 4574 20739
34 23871 73 327 19872 23369 4561 20683
34 23544 72 327 19818 23306 4549 20627
34 23217 71 327 19765 23243 4538 20571
34 22890 70 327 19711 23180 4525 20515
34 22563 69 327 19657 23117 4512 20459
34 22236 68 327 19604 23054 4501 20404
34 21909 67 327 19550 22990 4490 20347
34 21582 66 327 19496 22927 4477 20292
34 21255 65 327 19443 22864 4466 20236
34 20928 64 327 19389 22801 4453 20180
34 20601 63 327 19335 22738 4441 20124
34 20274 62 327 19281 22675 4428 20068
34 19947 61 327 19228 22612 4417 20012
34 19620 60 327 19174 22548 4405 19956
34 19293 58 327 19120 22485 4393 19900
34 18966 58 327 19067 22422 4381 19845
34 18639 57 327 19013 22359 4369 19789
34 18312 56 327 18959 22296 4356 19733
34 17986 55 327 18906 22233 4345 19677
34 17658 54 327 18852 22169 4333 19621
34 17331 52 327 18798 22106 4321 19565
34 17004 52 327 18744 22043 4308 19509
34 16677 51 327 18691 21980 4297 19453
34 16350 50 327 18637 21917 4284 19397
34 16023 49 327 18583 21854 4272 19342
34 15696 48 327 18530 21791 4261 19286
34 15369 47 327 18476 21727 4249 19230
34 15043 46 327 18422 21664 4236 19174
34 14715 45 327 18369 21601 4225 19118
34 14388 44 327 18315 21538 4213 19062
34 14061 43 327 18261 21475 4200 19006
34 13734 42 327 18207 21412 4187 18950
34 13407 41 327 18154 21348 4177 18894
34 13080 40 327 18100 21285 4165 18838
34 12753 39 327 18046 21222 4152 18783
34 12426 38 327 17993 21159 4141 18727
34 12099 37 327 17939 21096 4128 18671
34 11772 36 327 17885 21033 4116 18615
34 11445 35 327 17832 20970 4104 18559
34 11118 34 327 17778 20906 4093 18503
34 10791 33 327 17724 20843 4080 18447
34 10464 32 327 17670 20780 4068 18391
34 10137 31 327 17617 20717 4056 18336
34 9810 30 327 17563 20654 4044 18280
34 9483 29 327 17509 20591 4033 18224
34 9156 28 327 17456 20528 4020 18168
34 8829 27 327 17402 20464 4008 18112
34 8502 26 327 17348 20401 3996 18056
34 8175 25 327 17295 20338 3985 18000
34 7848 24 327 17241 20275 3972 17944
34 7521 23 327 17187 20212 3959 17888
34 7194 22 327 17133 20149 3947 17833
34 6867 21 327 17080 20085 3937 17776
34 6540 20 327 17026 20022 3924 17721
34 6213 19 327 16972 19959 3911 17665
34 5886 18 327 16919 19896 3900 17609
34 5559 17 327 16865 19833 3888 17553
34 5232 16 327 16811 19770 3875 17497
34 4905 15 327 16758 19707 3864 17441
34 4578 14 327 16704 19643 3852 17385
34 4251 13 327 16650 19580 3840 17329
34 3924 12 327 16596 19517 3827 17274
34 3597 11 327 16543 19454 3816 17218
34 3270 10 327 16489 19391 3803 17162
34 2943 9 327 16435 19328 3791 17106
34 2616 8 327 16382 19265 3779 17050
34 2289 7 327 16328 19201 3768 16994
34 1962 6 327 16274 19138 3755 16938
34 1635 5 327 16221 19075 3744 16882
34 1308 4 327 16167 19012 3731 16826
34 981 3 327 16113 18949 3719 16771
34 654 2 327 16059 18886 3706 16715
34 327 1 327 16006 18822 3696 16659
35 32700 100 327 21458 25349 4802 22359
35 32373 99 327 21403 25284 4790 22301
35 32046 98 327 21347 25219 4776 22244
35 31719 97 327 21292 25153 4765 22186
35 31392 96 327 21237 25088 4753 22129
35 31065 95 327 21182 25023 4741 22071
35 30738 94 327 21126 24958 4728 22014
35 30411 93 327 21071 24892 4717 21956
35 30084 92 327 21016 24827 4705 21899
35 29757 91 327 20961 24762 4693 21841
35 29430 90 327 20906 24697 4681 21784
35 29103 89 327 20850 24631 4669 21726
35 28776 88 327 20795 24566 4657 21668
35 28449 87 327 20740 24501 4645 21611
35 28122 86 327 20685 24436 4633 21553
35 27796 85 327 20630 24371 4619 21496
35 27469 84 327 20574 24305 4608 21438
35 27141 83 327 20519 24240 4596 21381
35 26814 82 327 20464 24175 4584 21323
35 26487 81 327 20409 24110 4572 21266
35 26160 80 327 20353 24044 4560 21208
35 25833 79 327 20298 23979 4548 21151
35 25506 78 327 20243 23914 4536 21093
35 25179 77 327 20188 23849 4524 21036
35 24852 76 327 20132 23783 4511 20978
35 24525 75 327 20077 23718 4499 20920
35 24198 74 327 20022 23653 4487 20863
35 23871 73 327 19967 23588 4475 20805
35 23544 72 327 19912 23522 4464 20748
35 23217 71 327 19856 23457 4451 20690
35 22890 70 327 19801 23392 4439 20633
35 22563 69 327 19746 23327 4427 20575
35 22236 68 327 19691 23261 4416 20518
35 21909 67 327 19635 23196 4403 20460
35 21582 66 327 19580 23131 4391 20403
35 21255 65 327 19525 23066 4379 20345
35 20928 64 327 19470 23001 4367 20288
35 20601 63 327 19415 22935 4356 20230
35 20274 62 327 19359 22870 4342 20172
35 19947 61 327 19304 22805 4330 20115
35 19620 60 327 19249 22740 4318 20057
35 19293 58 327 19194 22674 4307 20000
35 18966 58 327 19138 22609 4294 19942
35 18639 57 327 19083 22544 4282 19885
35 18312 56 327 19028 22479 4270 19827
35 17985 55 327 18973 22413 4259 19769
35 17658 54 327 18918 22348 4247 19712
35 17331 52 327 18862 22283 4233 19655
35 17004 52 327 18807 22218 4221 19597
35 16677 51 327 18752 22152 4210 19539
35 16350 50 327 18697 22087 4198 19482
35 16023 49 327 18641 22022 4185 19424
35 15696 48 327 18586 21957 4173 19367
35 15369 47 327 18531 21892 4161 19309
35 15042 46 327 18476 21826 4150 19252
35 14715 45 327 18421 21761 4138 19194
35 14388 44 327 18365 21696 4125 19137
35 14061 43 327 18310 21631 4113 19079
35 13734 42 327 18255 21565 4102 19021
35 13407 41 327 18200 21500 4090 18964
35 13081 40 327 18145 21435 4076 18907
35 12753 39 327 18089 21370 4064 18849
35 12426 38 327 18034 21304 4053 18791
35 12099 37 327 17979 21239 4041 18734
35 11772 36 327 17924 21174 4029 18676
35 11445 35 327 17868 21109 4016 18619
35 11118 34 327 17813 21043 4005 18561
35 10791 33 327 17758 20978 3993 18504
35 10464 32 327 17703 20913 3981 18446
35 10137 31 327 17647 20848 3967 18389
35 9810 30 327 17592 20782 3956 18331
35 9483 29 327 17537 20717 3944 18273
35 9156 28 327 17482 20652 3932 18216
35 8829 27 327 17427 20587 3920 18159
35 8502 26 327 17371 20522 3907 18101
35 8175 25 327 17316 20456 3896 18043
35 7848 24 327 17261 20391 3884 17986
35 7521 23 327 17206 20326 3872 17928
35 7194 22 327 17150 20261 3859 17871
35 6867 21 327 17095 20195 3848 17813
35 6540 20 327 17040 20130 3836 17756
35 6213 19 327 16985 20065 3824 17698
35 5886 18 327 16930 20000 3812 17641
35 5559 17 327 16874 19934 3799 17583
35 5232 16 327 16819 19869 3787 17526
35 4905 15 327 16764 19804 3775 17468
35 4578 14 327 16709 19739 3763 17410
35 4251 13 327 16653 19673 3751 17353
35 3924 12 327 16598 19608 3739 17295
35 3597 11 327 16543 19543 3727 17238
35 3270 10 327 16488 19478 3715 17180
35 2943 9 327 16433 19413 3703 17123
35 2616 8 327 16377 19347 3690 17065
35 2289 7 327 16322 19282 3678 17008
35 1962 6 327 16267 19217 3666 16950
35 1635 5 327 16212 19152 3654 16893
35 1308 4 327 16156 19086 3642 16835
35 981 3 327 16101 19021 3630 16777
35 654 2 327 16046 18956 3618 16720
35 327 1 327 15991 18891 3606 16662
36 32700 100 327 21593 25625 4715 22526
36 32373 99 327 21536 25558 4702 22467
36 32046 98 327 21480 25490 4692 22407
36 31719 97 327 21423 25423 4679 22348
36 31392 96 327 21366 25356 4666 22289
36 31065 95 327 21309 25288 4654 22230
36 30738 94 327 21253 25221 4643 22171
36 30411 93 327 21196 25154 4630 22112
36 30084 92 327 21139 25086 4618 22052
36 29757 91 327 21082 25019 4605 21993
36 29430 90 327 21026 24952 4594 21934
36 29103 89 327 20969 24884 4582 21875
36 28776 88 327 20912 24817 4569 21816
36 28449 87 327 20855 24750 4557 21757
36 28122 86 327 20799 24682 4546 21697
36 27795 85 327 20742 24615 4533 21638
36 27468 84 327 20685 24548 4521 21579
36 27141 83 327 20629 24480 4510 21520
36 26814 82 327 20572 24413 4497 21461
36 26487 81 327 20515 24346 4485 21401
36 26160 80 327 20458 24278 4473 21342
36 25833 79 327 20402 24211 4461 21283
36 25506 78 327 20345 24144 4449 21224
36 25179 77 327 20288 24076 4437 21164
36 24852 76 327 20231 24009 4424 21105
36 24525 75 327 20175 23942 4413 21046
36 24198 74 327 20118 23874 4401 20987
36 23871 73 327 20061 23807 4388 20928
36 23544 72 327 20004 23740 4375 20869
36 23217 71 327 19948 23672 4365 20809
36 22890 70 327 19891 23605 4352 20750
36 22563 69 327 19834 23538 4339 20691
36 22236 68 327 19777 23470 4327 20632
36 21909 67 327 19721 23403 4316 20573
36 21582 66 327 19664 23336 4303 20514
36 21255 65 327 19607 23268 4291 20454
36 20928 64 327 19550 23201 4279 20395
36 20601 63 327 19494 23134 4267 20336
36 20274 62 327 19437 23066 4255 20277
36 19947 61 327 19380 22999 4243 20217
36 19620 60 327 19323 22932 4230 20158
36 19293 58 327 19267 22864 4219 20099
36 18966 58 327 19210 22797 4207 20040
36 18639 57 327 19153 22730 4194 19981
36 18312 56 327 19097 22662 4183 19921
36 17985 55 327 19040 22595 4171 19862
36 17658 54 327 18983 22528 4158 19803
36 17331 52 327 18926 22460 4146 19744
36 17004 52 327 18870 22393 4135 19685
36 16677 51 327 18813 22326 4122 19626
36 16350 50 327 18756 22258 4110 19566
36 16023 49 327 18699 22191 4097 19507
36 15696 48 327 18643 22124 4086 19448
36 15369 47 327 18586 22056 4074 19389
36 15042 46 327 18529 21989 4061 19330
36 14715 45 327 18472 21922 4048 19270
36 14388 44 327 18416 21854 4038 19211
36 14061 43 327 18359 21787 4025 19152
36 13734 42 327 18302 21720 4012 19093
36 13407 41 327 18245 21652 4001 19034
36 13080 40 327 18189 21585 3989 18974
36 12753 39 327 18132 21518 3976 18915
36 12426 38 327 18075 21450 3965 18856
36 12099 37 327 18018 21383 3952 18797
36 11772 36 327 17962 21316 3940 18738
36 11445 35 327 17905 21248 3929 18678
36 11118 34 327 17848 21181 3916 18619
36 10791 33 327 17791 21114 3903 18560
36 10464 32 327 17735 21046 3893 18501
36 10137 31 327 17678 20979 3880 18442
36 9810 30 327 17621 20912 3867 18383
36 9483 29 327 17565 20844 3857 18323
36 9156 28 327 17508 20777 3844 18264
36 8829 27 327 17451 20710 3831 18205
36 8502 26 327 17394 20642 3819 18146
36 8175 25 327 17338 20575 3808 18087
36 7848 24 327 17281 20508 3795 18027
36 7521 23 327 17224 20440 3783 17968
36 7194 22 327 17167 20373 3770 17909
36 6867 21 327 17111 20305 3760 17850
36 6540 20 327 17054 20238 3747 17791
36 6213 19 327 16997 20171 3734 17731
36 5886 18 327 16940 20103 3723 17672
36 5559 17 327 16884 20036 3711 17613
36 5232 16 327 16827 19969 177 17554
36 4905 15 327 16770 19901 178 17494
36 4578 14 327 16713 19834 177 17435
36 4251 13 327 16657 19767 177 17376
36 3924 12 327 16600 19699 178 17317
36 3597 11 327 16543 19632 177 17258
36 3270 10 327 16486 19565 177 17199
36 2943 9 327 16430 19497 178 17139
36 2616 8 327 16373 19430 177 17080
36 2289 7 327 16316 19363 177 17021
36 1962 6 327 16259 19295 178 16962
36 1635 5 327 16203 19228 177 16903
36 1308 4 327 16146 19161 177 16844
36 981 3 327 16089 19094 177 16785
36 654 2 327 16032 19026 178 16725
36 327 1 327 15976 18959 177 16666
37 32700 100 327 21728 25902 4627 22693
37 32373 99 327 21670 25833 179 22632
37 32046 98 327 21612 25763 180 22571
37 31719 97 327 21553 25694 179 22510
37 31392 96 327 21495 25625 179 22450
37 31065 95 327 21437 25555 180 22389
37 30738 94 327 21379 25486 179 22328
37 30411 93 327 21320 25416 180 22267
37 30084 92 327 21262 25347 179 22206
37 29757 91 327 21204 25277 180 22145
37 29430 90 327 21146 25208 179 22085
37 29103 89 327 21087 25138 180 22024
37 28776 88 327 21029 25069 179 21963
37 28449 87 327 20971 24999 180 21902
37 28122 86 327 20913 24930 179 21841
37 27795 85 327 20854 24861 179 21780
37 27468 84 327 20796 24792 179 21720
37 27141 83 327 20738 24722 180 21659
37 26814 82 327 20680 24652 180 21598
37 26487 81 327 20621 24583 179 21537
37 26160 80 327 20563 24513 180 21476
37 25833 79 327 20505 24444 179 21415
37 25506 78 327 20447 24374 180 21354
37 25179 77 327 20388 24305 179 21294
37 24852 76 327 20330 24236 179 21233
37 24525 75 327 20272 24166 180 21172
37 24198 74 327 20213 24097 179 21111
37 23871 73 327 20155 24027 180 21050
37 23544 72 327 20097 23958 179 20989
37 23217 71 327 20039 23888 180 20928
37 22890 70 327 19980 23819 179 20868
37 22563 69 327 19922 23749 180 20807
37 22236 68 327 19864 23680 179 20746
37 21909 67 327 19806 23611 179 20685
37 21582 66 327 19747 23541 180 20624
37 21255 65 327 19689 23472 179 20563
37 20928 64 327 19631 23402 180 20502
37 20601 63 327 19573 23333 179 20442
37 20274 62 327 19514 23263 180 20381
37 19947 61 327 19456 23194 179 20320
37 19620 60 327 19398 23124 180 20259
37 19293 58 327 19340 23055 179 20198
37 18966 58 327 19281 22985 180 20137
37 18639 57 327 19223 22916 179 20077
37 18312 56 327 19165 22847 179 20016
37 17985 55 327 19107 22777 180 19955
37 17658 54 327 19048 22708 179 19894
37 17331 52 327 18990 22638 180 19833
37 17004 52 327 18932 22569 179 19772
37 16677 51 327 18874 22499 180 19711
37 16350 50 327 18815 22430 179 19651
37 16023 49 327 18757 22360 180 19590
37 15696 48 327 18699 22291 179 19529
37 15369 47 327 18641 22222 179 19468
37 15042 46 327 18582 22152 180 19407
37 14715 45 327 18524 22083 179 19347
37 14388 44 327 18466 22013 180 19286
37 14061 43 327 18408 21944 179 19225
37 13734 42 327 18349 21874 180 19164
37 13407 41 327 18291 21805 179 19103
37 13080 40 327 18233 21735 180 19042
37 12753 39 327 18175 21666 179 18981
37 12426 38 327 18116 21597 179 18921
37 12099 37 327 18058 21527 180 18860
37 11772 36 327 18000 21458 179 18799
37 11445 35 327 17941 21388 180 18738
37 11118 34 327 17883 21319 179 18677
37 10791 33 327 17825 21249 180 18616
37 10464 32 327 17767 21180 179 18556
37 10137 31 327 17708 21110 180 18495
37 9810 30 327 17650 21041 179 18434
37 9483 29 327 17592 20971 180 18373
37 9156 28 327 17534 20902 179 18312
37 8829 27 327 17475 20833 179 18251
37 8502 26 327 17417 20763 180 18190
37 8175 25 327 17359 20694 179 18130
37 7848 24 327 17301 20624 180 18069
37 7521 23 327 17242 20555 179 18008
37 7194 22 327 17184 20485 180 17947
37 6867 21 327 17126 20416 179 17886
37 6540 20 327 17068 20346 180 17825
37 6213 19 327 17009 20277 179 17765
37 5886 18 327 16951 20208 179 17704
37 5559 17 327 16893 20138 180 17643
37 5232 16 327 16835 20069 179 17582
37 4905 15 327 16776 19999 180 17521
37 4578 14 327 16718 19930 179 17460
37 4251 13 327 16660 19860 180 17399
37 3924 12 327 16602 19791 179 17339
37 3598 11 327 16544 19722 179 17278
37 3270 10 327 16485 19652 180 17217
37 2943 9 327 16427 19583 179 17156
37 2616 8 327 16369 19513 180 17095
37 2289 7 327 16310 19444 179 17035
37 1962 6 327 16252 19374 180 16974
37 1635 5 327 16194 19305 179 16913
37 1308 4 327 16136 19235 180 16852
37 981 3 327 16077 19166 179 16791
37 654 2 327 16019 19096 180 16730
37 327 1 327 15961 19027 179 16669
38 32700 100 327 21863 26181 4537 22860
38 32373 99 327 21803 26109 182 22797
38 32046 98 327 21743 26038 181 22735
38 31719 97 327 21684 25966 182 22672
38 31392 96 327 21624 25895 181 22610
38 31065 95 327 21564 25823 182 22547
38 30738 94 327 21504 25751 182 22485
38 30411 93 327 21445 25680 181 22422
38 30084 92 327 21385 25608 182 22360
38 29757 91 327 21325 25537 181 22297
38 29430 90 327 21265 25465 182 22235
38 29103 89 327 21205 25394 181 22173
38 28776 88 327 21146 25322 182 22110
38 28449 87 327 21086 25250 182 22047
38 28122 86 327 21026 25179 181 21985
38 27795 85 327 20966 25107 182 21922
38 27468 84 327 20907 25036 181 21860
38 27141 83 327 20847 24964 182 21797
38 26814 82 327 20787 24893 181 21735
38 26487 81 327 20727 24821 182 21672
38 26160 80 327 20668 24749 182 21610
38 25833 79 327 20608 24678 181 21547
38 25506 78 327 20548 24606 182 21485
38 25179 77 327 20488 24535 181 21423
38 24852 76 327 20428 24463 182 21360
38 24525 75 327 20369 24392 181 21298
38 24198 74 327 20309 24320 182 21235
38 23871 73 327 20249 24248 182 21172
38 23544 72 327 20189 24177 181 21110
38 23217 71 327 20130 24105 182 21047
38 22890 70 327 20070 24034 181 20985
38 22563 69 327 20010 23962 182 20922
38 22236 68 327 19950 23891 181 20860
38 21910 67 327 19891 23819 182 20798
38 21582 66 327 19831 23747 182 20735
38 21255 65 327 19771 23676 181 20673
38 20928 64 327 19711 23604 182 20610
38 20601 63 327 19651 23533 181 20548
38 20274 62 327 19592 23461 182 20485
38 19947 61 327 19532 23390 181 20423
38 19620 60 327 19472 23318 182 20360
38 19293 58 327 19412 23246 182 20297
38 18966 58 327 19353 23175 181 20235
38 18639 57 327 19293 23103 182 20173
38 18312 56 327 19233 23032 181 20110
38 17985 55 327 19173 22960 182 20048
38 17658 54 327 19114 22889 181 19985
38 17331 52 327 19054 22817 182 19923
38 17004 52 327 18994 22745 182 19860
38 16677 51 327 18934 22674 181 19798
38 16350 50 327 18874 22602 182 19735
38 16023 49 327 18815 22531 181 19673
38 15696 48 327 18755 22459 182 19610
38 15369 47 327 18695 22388 181 19548
38 15042 46 327 18635 22316 182 19485
38 14715 45 327 18576 22244 182 19423
38 14388 44 327 18516 22173 181 19360
38 14061 43 327 18456 22101 182 19298
38 13734 42 327 18396 22030 181 19235
38 13407 41 327 18337 21958 182 19173
38 13080 40 327 18277 21887 181 19110
38 12753 39 327 18217 21815 182 19048
38 12426 38 327 18157 21743 182 18985
38 12099 37 327 18097 21672 181 18923
38 11772 36 327 18038 21600 182 18860
38 11445 35 327 17978 21529 181 18798
38 11118 34 327 17918 21457 182 18735
38 10791 33 327 17858 21385 182 18673
38 10464 32 327 17799 21314 181 18610
38 10137 31 327 17739 21242 182 18548
38 9810 30 327 17679 21171 181 18485
38 9483 29 327 17619 21099 182 18423
38 9156 28 327 17560 21028 181 18360
38 8829 27 327 17500 20956 182 18298
38 8502 26 327 17440 20884 182 18235
38 8175 25 327 17380 20813 181 18173
38 7848 24 327 17320 20741 182 18110
38 7521 23 327 17261 20670 181 18048
38 7194 22 327 17201 20598 182 17985
38 6867 21 327 17141 20527 181 17923
38 6540 20 327 17081 20455 182 17860
38 6213 19 327 17022 20383 182 17798
38 5886 18 327 16962 20312 181 17735
38 5559 17 327 16902 20240 182 17673
38 5232 16 327 16842 20169 181 17610
38 4905 15 327 16783 20097 182 17548
38 4578 14 327 16723 20026 181 17485
38 4251 13 327 16663 19954 182 17423
38 3924 12 327 16603 19882 182 17360
38 3597 11 327 16543 19811 181 17298
38 3270 10 327 16484 19739 182 17235
38 2943 9 327 16424 19668 181 17173
38 2616 8 327 16364 19596 182 17110
38 2289 7 327 16304 19525 181 17048
38 1962 6 327 16245 19453 182 16985
38 1635 5 327 16185 19381 182 16923
38 1308 4 327 16125 19310 181 16860
38 981 3 327 16065 19238 182 16798
38 654 2 327 16006 19167 181 16735
38 327 1 327 15946 19095 182 16673
39 32700 100 327 21997 26461 4444 23027
39 32373 99 327 21936 26387 184 22963
39 32046 98 327 21875 26313 184 22898
39 31719 97 327 21813 26240 183 22834
39 31392 96 327 21752 26166 184 22770
39 31065 95 327 21691 26092 184 22706
39 30738 94 327 21630 26019 183 22642
39 30411 93 327 21568 25945 184 22578
39 30084 92 327 21507 25871 184 22514
39 29757 91 327 21446 25797 184 22449
39 29430 90 327 21385 25724 183 22385
39 29103 89 327 21323 25650 184 22321
39 28776 88 327 21262 25576 184 22257
39 28449 87 327 21201 25503 183 22193
39 28122 86 327 21139 25429 184 22129
39 27795 85 327 21078 25355 184 22065
39 27468 84 327 21017 25281 184 22000
39 27141 83 327 20956 25208 183 21936
39 26814 82 327 20894 25134 184 21872
39 26487 81 327 20833 25060 184 21808
39 26161 80 327 20772 24987 183 21744
39 25833 79 327 20710 24913 184 21680
39 25506 78 327 20649 24839 184 21616
39 25179 77 327 20588 24765 184 21551
39 24852 76 327 20527 24692 183 21487
39 24525 75 327 20465 24618 184 21423
39 24198 74 327 20404 24544 184 21359
39 23871 73 327 20343 24471 183 21295
39 23544 72 327 20282 24397 184 21231
39 23217 71 327 20220 24323 184 21166
39 22891 70 327 20159 24250 183 21103
39 22563 69 327 20098 24176 184 21038
39 22236 68 327 20036 24102 184 20974
39 21909 67 327 19975 24028 184 20910
39 21582 66 327 19914 23955 183 20846
39 21255 65 327 19853 23881 184 20782
39 20928 64 327 19791 23807 184 20717
39 20601 63 327 19730 23733 184 20653
39 20274 62 327 19669 23660 183 20589
39 19947 61 327 19607 23586 184 20525
39 19620 60 327 19546 23512 184 20461
39 19293 58 327 19485 23439 183 20397
39 18966 58 327 19424 23365 184 20333
39 18639 57 327 19362 23291 184 20268
39 18312 56 327 19301 23217 184 20204
39 17985 55 327 19240 23144 183 20140
39 17658 54 327 19178 23070 184 20076
39 17331 52 327 19117 22996 184 20012
39 17004 52 327 19056 22923 183 19948
39 16677 51 327 18995 22849 184 19884
39 16351 50 327 18934 22775 184 19820
39 16023 49 327 18872 22702 183 19755
39 15696 48 327 18811 22628 184 19691
39 15369 47 327 18750 22554 184 19627
39 15042 46 327 18688 22480 184 19563
39 14715 45 327 18627 22407 183 19499
39 14388 44 327 18566 22333 184 19435
39 14061 43 327 18504 22259 184 19370
39 13734 42 327 18443 22186 183 19306
39 13407 41 327 18382 22112 184 19242
39 13080 40 327 18321 22038 184 19178
39 12753 39 327 18259 21964 184 19114
39 12426 38 327 18198 21891 183 19050
39 12099 37 327 18137 21817 184 18986
39 11772 36 327 18075 21743 184 18921
39 11445 35 327 18014 21670 183 18857
39 11118 34 327 17953 21596 184 18793
39 10791 33 327 17892 21522 184 18729
39 10464 32 327 17830 21448 184 18665
39 10137 31 327 17769 21375 183 18601
39 9810 30 327 17708 21301 184 18537
39 9483 29 327 17647 21227 184 18472
39 9156 28 327 17585 21154 183 18408
39 8829 27 327 17524 21080 184 18344
39 8502 26 327 17463 21006 184 18280
39 8175 25 327 17401 20932 184 18216
39 7848 24 327 17340 20859 183 18152
39 7521 23 327 17279 20785 184 18088
39 7194 22 327 17218 20711 184 18023
39 6867 21 327 17156 20638 183 17959
39 6540 20 327 17095 20564 184 17895
39 6213 19 327 17034 20490 184 17831
39 5886 18 327 16972 20416 184 17767
39 5559 17 327 16911 20343 183 17703
39 5232 16 327 16850 20269 184 17638
39 4906 15 327 16789 20196 183 17575
39 4578 14 327 16727 20122 184 17510
39 4251 13 327 16666 20048 184 17446
39 3924 12 327 16605 19974 184 17382
39 3597 11 327 16544 19900 184 17318
39 3270 10 327 16482 19827 183 17254
39 2943 9 327 16421 19753 184 17189
39 2616 8 327 16360 19679 184 17125
39 2289 7 327 16298 19606 183 17061
39 1963 6 327 16237 19532 184 16997
39 1635 5 327 16176 19458 184 16933
39 1308 4 327 16115 19384 184 16869
39 981 3 327 16053 19311 183 16805
39 654 2 327 15992 19237 184 16740
39 327 1 327 15931 19163 184 16676
40 32700 100 327 22131 26742 4351 23194
40 32373 99 327 22069 26666 186 23128
40 32046 98 327 22006 26590 186 23062
40 31719 97 327 21943 26514 186 22996
40 31392 96 327 21880 26439 185 22931
40 31065 95 327 21817 26363 186 22865
40 30738 94 327 21755 26287 186 22799
40 30411 93 327 21692 26211 186 22733
40 30084 92 327 21629 26135 186 22667
40 29757 91 327 21566 26059 186 22601
40 29430 90 327 21504 25983 186 22536
40 29103 89 327 21441 25908 185 22470
40 28776 88 327 21378 25832 186 22404
40 28449 87 327 21315 25756 186 22338
40 28122 86 327 21252 25680 186 22273
40 27795 85 327 21190 25604 186 22207
40 27468 84 327 21127 25528 186 22141
40 27141 83 327 21064 25452 186 22075
40 26814 82 327 21001 25377 185 22009
40 26487 81 327 20938 25301 186 21944
40 26160 80 327 20876 25225 186 21878
40 25833 79 327 20813 25149 186 21812
40 25506 78 327 20750 25073 186 21746
40 25179 77 327 20687 24997 186 21680
40 24852 76 327 20625 24921 186 21614
40 24525 75 327 20562 24845 186 21549
40 24198 74 327 20499 24770 185 21483
40 23871 73 327 20436 24694 186 21417
40 23544 72 327 20373 24618 186 21351
40 23217 71 327 20311 24542 186 21286
40 22890 70 327 20248 24466 186 21220
40 22563 69 327 20185 24390 186 21154
40 22236 68 327 20122 24314 186 21088
40 21909 67 327 20059 24239 185 21022
40 21582 66 327 19997 24163 186 20957
40 21255 65 327 19934 24087 186 20891
40 20928 64 327 19871 24011 186 20825
40 20601 63 327 19808 23935 186 20759
40 20274 62 327 19746 23859 186 20693
40 19947 61 327 19683 23783 186 20627
40 19620 60 327 19620 23708 185 20562
40 19293 58 327 19557 23632 186 20496
40 18966 58 327 19494 23556 186 20430
40 18639 57 327 19432 23480 186 20364
40 18312 56 327 19369 23404 186 20299
40 17985 55 327 19306 23328 186 20233
40 17658 54 327 19243 23252 186 20167
40 17331 52 327 19181 23176 186 20101
40 17004 52 327 19118 23101 185 20035
40 16677 51 327 19055 23025 186 19970
40 16350 50 327 18992 22949 186 19904
40 16023 49 327 18929 22873 186 19838
40 15696 48 327 18867 22797 186 19772
40 15369 47 327 18804 22721 186 19706
40 15042 46 327 18741 22645 186 19640
40 14715 45 327 18678 22570 185 19575
40 14388 44 327 18615 22494 186 19509
40 14061 43 327 18553 22418 186 19443
40 13734 42 327 18490 22342 186 19377
40 13407 41 327 18427 22266 186 19312
40 13080 40 327 18364 22190 186 19246
40 12753 39 327 18302 22114 186 19180
40 12426 38 327 18239 22038 186 19114
40 12099 37 327 18176 21963 185 19049
40 11772 36 327 18113 21887 186 18983
40 11445 35 327 18050 21811 186 18917
40 11118 34 327 17988 21735 186 18851
40 10791 33 327 17925 21659 186 18785
40 10464 32 327 17862 21583 186 18719
40 10137 31 327 17799 21507 186 18654
40 9810 30 327 17736 21432 185 18588
40 9483 29 327 17674 21356 186 18522
40 9156 28 327 17611 21280 186 18456
40 8829 27 327 17548 21204 186 18390
40 8502 26 327 17485 21128 186 18325
40 8175 25 327 17423 21052 186 18259
40 7848 24 327 17360 20976 186 18193
40 7521 23 327 17297 20901 185 18127
40 7194 22 327 17234 20825 186 18062
40 6867 21 327 17171 20749 186 17996
40 6540 20 327 17109 20673 186 17930
40 6213 19 327 17046 20597 186 17864
40 5886 18 327 16983 20521 186 17798
40 5559 17 327 16920 20445 186 17732
40 5232 16 327 16858 20369 186 17667
40 4905 15 327 16795 20294 185 17601
40 4578 14 327 16732 20218 186 17535
40 4251 13 327 16669 20142 186 17469
40 3924 12 327 16606 20066 186 17403
40 3597 11 327 16544 19990 186 17338
40 3270 10 327 16481 19914 186 17272
40 2943 9 327 16418 19838 186 17206
40 2616 8 327 16355 19763 185 17140
40 2289 7 327 16292 19687 186 17075
40 1962 6 327 16230 19611 186 17009
40 1635 5 327 16167 19535 186 16943
40 1308 4 327 16104 19459 186 16877
40 981 3 327 16041 19383 186 16811
40 654 2 327 15979 19307 186 16745
40 327 1 327 15916 19232 185 16680
41 32700 100 327 22265 27025 4256 23361
41 32373 99 327 22201 26947 188 23293
41 32046 98 327 22137 26869 188 23226
41 31719 97 327 22072 26791 188 23158
41 31392 96 327 22008 26712 189 23091
41 31065 95 327 21944 26634 188 23023
41 30738 94 327 21879 26556 188 22956
41 30411 93 327 21815 26478 188 22888
41 30084 92 327 21751 26400 188 22821
41 29757 91 327 21687 26322 188 22753
41 29430 90 327 21622 26244 188 22686
41 29103 89 327 21558 26166 188 22619
41 28776 88 327 21494 26088 188 22551
41 28449 87 327 21429 26010 188 22484
41 28122 86 327 21365 25932 188 22416
41 27795 85 327 21301 25854 188 22349
41 27468 84 327 21237 25776 188 22281
41 27141 83 327 21172 25698 188 22214
41 26814 82 327 21108 25620 188 22146
41 26487 81 327 21044 25542 188 22079
41 26160 80 327 20979 25464 188 22012
41 25833 79 327 20915 25386 188 21944
41 25506 78 327 20851 25308 188 21877
41 25179 77 327 20787 25230 188 21809
41 24852 76 327 20722 25152 188 21742
41 24525 75 327 20658 25074 188 21674
41 24198 74 327 20594 24996 188 21607
41 23871 73 327 20529 24918 188 21539
41 23544 72 327 20465 24840 188 21472
41 23217 71 327 20401 24762 188 21405
41 22890 70 327 20337 24684 188 21337
41 22563 69 327 20272 24606 188 21270
41 22236 68 327 20208 24528 188 21202
41 21909 67 327 20144 24450 188 21135
41 21582 66 327 20079 24372 188 21067
41 21255 65 327 20015 24294 188 21000
41 20928 64 327 19951 24216 188 20932
41 20601 63 327 19887 24138 188 20865
41 20274 62 327 19822 24059 189 20797
41 19947 61 327 19758 23981 188 20730
41 19620 60 327 19694 23903 188 20662
41 19293 58 327 19629 23825 188 20595
41 18966 58 327 19565 23747 188 20528
41 18639 57 327 19501 23669 188 20460
41 18312 56 327 19436 23591 188 20393
41 17985 55 327 19372 23513 188 20325
41 17658 54 327 19308 23435 188 20258
41 17331 52 327 19244 23357 188 20190
41 17004 52 327 19179 23279 188 20123
41 16677 51 327 19115 23201 188 20055
41 16350 50 327 19051 23123 188 19988
41 16023 49 327 18986 23045 188 19921
41 15696 48 327 18922 22967 188 19853
41 15369 47 327 18858 22889 188 19786
41 15042 46 327 18794 22811 188 19718
41 14715 45 327 18729 22733 188 19651
41 14388 44 327 18665 22655 188 19583
41 14061 43 327 18601 22577 188 19516
41 13734 42 327 18536 22499 188 19448
41 13407 41 327 18472 22421 188 19381
41 13080 40 327 18408 22343 188 19314
41 12753 39 327 18344 22265 188 19246
41 12426 38 327 18279 22187 188 19179
41 12099 37 327 18215 22109 188 19111
41 11772 36 327 18151 22031 188 19044
41 11445 35 327 18086 21953 188 18976
41 11118 34 327 18022 21875 188 18909
41 10791 33 327 17958 21797 188 18842
41 10464 32 327 17894 21719 188 18774
41 10137 31 327 17829 21641 188 18707
41 9810 30 327 17765 21563 188 18639
41 9483 29 327 17701 21485 188 18572
41 9156 28 327 17636 21407 188 18504
41 8829 27 327 17572 21328 189 18437
41 8502 26 327 17508 21250 188 18369
41 8175 25 327 17444 21172 188 18302
41 7848 24 327 17379 21094 188 18234
41 7521 23 327 17315 21016 188 18167
41 7194 22 327 17251 20939 187 18100
41 6867 21 327 17186 20860 189 18032
41 6540 20 327 17122 20782 188 17965
41 6213 19 327 17058 20704 188 17897
41 5886 18 327 16994 20626 188 17830
41 5559 17 327 16929 20548 188 17762
41 5232 16 327 16865 20470 188 17695
41 4905 15 327 16801 20392 188 17627
41 4578 14 327 16736 20314 188 17560
41 4251 13 327 16672 20236 188 17492
41 3924 12 327 16608 20158 188 17425
41 3597 11 327 16544 20080 188 17358
41 3270 10 327 16479 20002 188 17290
41 2943 9 327 16415 19924 188 17223
41 2616 8 327 16351 19846 188 17155
41 2289 7 327 16286 19768 188 17088
41 1962 6 327 16222 19690 188 17020
41 1635 5 327 16158 19612 188 16953
41 1308 4 327 16094 19534 188 16885
41 981 3 327 16029 19456 188 16818
41 654 2 327 15965 19378 188 16751
41 327 1 327 15901 19300 188 16683
42 32700 100 327 22399 27308 4160 23527
42 32373 99 327 22333 27228 190 23458
42 32046 98 327 22267 27148 190 23389
42 31719 97 327 22201 27068 190 23320
42 31392 96 327 22135 26988 190 23251
42 31065 95 327 22070 26907 191 23182
42 30738 94 327 22004 26827 190 23113
42 30411 93 327 21938 26747 190 23044
42 30084 92 327 21872 26667 190 22975
42 29757 91 327 21806 26587 190 22906
42 29430 90 327 21741 26506 191 22836
42 29103 89 327 21675 26426 190 22767
42 28776 88 327 21609 26346 190 22698
42 28450 87 327 21544 26266 190 22629
42 28122 86 327 21478 26186 190 22560
42 27795 85 327 21412 26105 191 22491
42 27468 84 327 21346 26025 190 22422
42 27141 83 327 21280 25945 190 22353
42 26814 82 327 21214 25865 190 22284
42 26487 81 327 21149 25785 190 22215
42 26160 80 327 21083 25704 191 22145
42 25833 79 327 21017 25624 190 22076
42 25506 78 327 20951 25544 190 22007
42 25179 77 327 20885 25464 190 21938
42 24852 76 327 20820 25383 191 21869
42 24525 75 327 20754 25303 190 21800
42 24198 74 327 20688 25223 190 21731
42 23871 73 327 20622 25143 190 21662
42 23544 72 327 20557 25063 190 21593
42 23217 71 327 20491 24982 191 21523
42 22890 70 327 20425 24902 190 21454
42 22563 69 327 20359 24822 190 21385
42 22236 68 327 20293 24742 190 21316
42 21909 67 327 20228 24662 190 21247
42 21582 66 327 20162 24581 191 21178
42 21255 65 327 20096 24501 190 21109
42 20928 64 327 20030 24421 190 21040
42 20601 63 327 19964 24341 190 20971
42 20274 62 327 19899 24261 190 20902
42 19947 61 327 19833 24180 191 20832
42 19620 60 327 19767 24100 190 20763
42 19293 58 327 19701 24020 190 20694
42 18966 58 327 19636 23940 190 20625
42 18639 57 327 19570 23860 190 20556
42 18312 56 327 19504 23779 191 20487
42 17985 55 327 19438 23699 190 20418
42 17658 54 327 19372 23619 190 20349
42 17331 52 327 19307 23539 190 20280
42 17004 52 327 19241 23459 190 20211
42 16677 51 327 19175 23378 191 20141
42 16350 50 327 19109 23298 190 20072
42 16023 49 327 19043 23218 190 20003
42 15696 48 327 18978 23138 190 19934
42 15369 47 327 18912 23057 191 19865
42 15042 46 327 18846 22977 190 19796
42 14715 45 327 18780 22897 190 19727
42 14388 44 327 18715 22817 190 19658
42 14061 43 327 18649 22737 190 19589
42 13734 42 327 18583 22656 191 19519
42 13407 41 327 18517 22576 190 19450
42 13080 40 327 18451 22496 190 19381
42 12753 39 327 18386 22416 190 19312
42 12426 38 327 18320 22336 190 19243
42 12099 37 327 18254 22255 191 19174
42 11772 36 327 18188 22175 190 19105
42 11445 35 327 18122 22095 190 19036
42 11118 34 327 18057 22015 190 18967
42 10791 33 327 17991 21935 190 18898
42 10464 32 327 17925 21854 191 18828
42 10137 31 327 17859 21774 190 18759
42 9810 30 327 17794 21694 190 18690
42 9484 29 327 17728 21614 190 18621
42 9156 28 327 17662 21534 190 18552
42 8829 27 327 17596 21453 191 18483
42 8502 26 327 17530 21373 190 18414
42 8175 25 327 17465 21293 190 18345
42 7848 24 327 17399 21213 190 18276
42 7521 23 327 17333 21133 190 18207
42 7194 22 327 17267 21052 191 18137
42 6867 21 327 17201 20972 190 18068
42 6540 20 327 17136 20892 190 17999
42 6214 19 327 17070 20812 190 17930
42 5886 18 327 17004 20731 191 17861
42 5559 17 327 16938 20651 190 17792
42 5232 16 327 16873 20571 190 17723
42 4905 15 327 16807 20491 190 17654
42 4578 14 327 16741 20411 190 17585
42 4252 13 327 16675 20330 191 17516
42 3924 12 327 16609 20250 190 17446
42 3597 11 327 16544 20170 190 17377
42 3270 10 327 16478 20090 190 17308
42 2943 9 327 16412 20010 190 17239
42 2616 8 327 16346 19929 191 17170
42 2289 7 327 16280 19849 190 17101
42 1962 6 327 16215 19769 190 17032
42 1635 5 327 16149 19689 190 16963
42 1308 4 327 16083 19609 190 16894
42 981 3 327 16017 19528 191 16824
42 654 2 327 15952 19448 190 16755
42 327 1 327 15886 19368 190 16686
43 32700 100 327 22532 27594 4060 23694
43 32373 99 327 22464 27511 193 23623
43 32046 98 327 22397 27429 192 23553
43 31719 97 327 22330 27346 193 23482
43 31392 96 327 22262 27264 192 23411
43 31065 95 327 22195 27182 192 23341
43 30738 94 327 22128 27099 193 23270
43 30411 93 327 22061 27017 192 23199
43 30084 92 327 21993 26934 193 23128
43 29757 91 327 21926 26852 192 23057
43 29430 90 327 21859 26770 192 22987
43 29103 89 327 21792 26687 193 22916
43 28776 88 327 21724 26605 192 22845
43 28450 87 327 21657 26523 192 22775
43 28122 86 327 21590 26440 193 22704
43 27795 85 327 21522 26358 192 22633
43 27468 84 327 21455 26275 193 22562
43 27141 83 327 21388 26193 192 22491
43 26814 82 327 21321 26110 193 22421
43 26487 81 327 21253 26028 192 22350
43 26160 80 327 21186 25946 192 22279
43 25833 79 327 21119 25863 193 22208
43 25506 78 327 21051 25781 192 22138
43 25179 77 327 20984 25698 193 22067
43 24852 76 327 20917 25616 192 21996
43 24525 75 327 20850 25534 192 21926
43 24198 74 327 20782 25451 193 21855
43 23871 73 327 20715 25369 192 21784
43 23544 72 327 20648 25286 193 21713
43 23217 71 327 20580 25204 192 21642
43 22890 70 327 20513 25122 192 21572
43 22563 69 327 20446 25039 193 21501
43 22236 68 327 20379 24957 192 21430
43 21909 67 327 20311 24874 193 21359
43 21582 66 327 20244 24792 192 21289
43 21255 65 327 20177 24710 192 21218
43 20928 64 327 20109 24627 193 21147
43 20602 63 327 20042 24545 192 21077
43 20274 62 327 19975 24462 193 21005
43 19947 61 327 19908 24380 192 20935
43 19620 60 327 19840 24298 192 20864
43 19293 58 327 19773 24215 193 20793
43 18966 58 327 19706 24133 192 20723
43 18639 57 327 19638 24050 193 20652
43 18312 56 327 19571 23968 192 20581
43 17985 55 327 19504 23886 192 20510
43 17658 54 327 19437 23803 193 20439
43 17331 52 327 19369 23721 192 20369
43 17004 52 327 19302 23638 193 20298
43 16677 51 327 19235 23556 192 20227
43 16350 50 327 19168 23474 192 20157
43 16023 49 327 19100 23391 193 20086
43 15696 48 327 19033 23309 192 20015
43 15369 47 327 18966 23227 192 19944
43 15042 46 327 18898 23144 193 19874
43 14715 45 327 18831 23062 192 19803
43 14388 44 327 18764 22979 193 19732
43 14061 43 327 18697 22897 192 19661
43 13734 42 327 18629 22815 192 19591
43 13407 41 327 18562 22732 193 19520
43 13080 40 327 18495 22650 192 19449
43 12753 39 327 18427 22568 192 19379
43 12426 38 327 18360 22485 193 19308
43 12099 37 327 18293 22403 192 19237
43 11772 36 327 18226 22320 193 19166
43 11445 35 327 18158 22238 192 19095
43 11118 34 327 18091 22155 193 19024
43 10791 33 327 18024 22073 192 18954
43 10464 32 327 17956 21991 192 18883
43 10137 31 327 17889 21908 193 18812
43 9810 30 327 17822 21826 192 18742
43 9483 29 327 17755 21743 193 18671
43 9156 28 327 17687 21661 192 18600
43 8830 27 327 17620 21579 192 18529
43 8502 26 327 17553 21496 193 18458
43 8175 25 327 17485 21414 192 18388
43 7848 24 327 17418 21331 193 18317
43 7521 23 327 17351 21249 192 18246
43 7195 22 327 17284 21167 192 18176
43 6867 21 327 17216 21084 193 18105
43 6540 20 327 17149 21002 192 18034
43 6213 19 327 17082 20919 193 17963
43 5886 18 327 17014 20837 192 17892
43 5559 17 327 16947 20755 192 17822
43 5232 16 327 16880 20672 193 17751
43 4905 15 327 16813 20590 192 17680
43 4578 14 327 16745 20507 193 17609
43 4251 13 327 16678 20425 192 17539
43 3924 12 327 16611 20343 192 17468
43 3597 11 327 16544 20260 193 17397
43 3270 10 327 16476 20178 192 17326
43 2943 9 327 16409 20095 193 17256
43 2616 8 327 16342 20013 192 17185
43 2289 7 327 16274 19931 192 17114
43 1962 6 327 16207 19848 193 17043
43 1635 5 327 16140 19766 192 16973
43 1308 4 327 16073 19683 193 16902
43 981 3 327 16005 19601 192 16831
43 654 2 327 15938 19519 192 16760
43 327 1 327 15871 19436 193 16690
44 32700 100 327 22664 27880 3959 23861
44 32373 99 327 22596 27795 195 23789
44 32046 98 327 22527 27711 194 23716
44 31719 97 327 22458 27626 195 23644
44 31392 96 327 22389 27542 194 23572
44 31065 95 327 22320 27457 195 23499
44 30738 94 327 22252 27372 195 23426
44 30411 93 327 22183 27288 194 23354
44 30084 92 327 22114 27203 195 23282
44 29757 91 327 22045 27119 194 23210
44 29430 90 327 21977 27034 195 23137
44 29103 89 327 21908 26949 195 23064
44 28776 88 327 21839 26865 194 22992
44 28449 87 327 21770 26780 195 22920
44 28122 86 327 21702 26696 194 22847
44 27795 85 327 21633 26611 195 22775
44 27468 84 327 21564 26526 195 22702
44 27141 83 327 21495 26442 194 22630
44 26814 82 327 21426 26357 195 22558
44 26487 81 327 21358 26273 194 22485
44 26160 80 327 21289 26188 195 22413
44 25833 79 327 21220 26103 195 22340
44 25506 78 327 21151 26019 194 22268
44 25179 77 327 21083 25934 195 22196
44 24852 76 327 21014 25850 194 22123
44 24525 75 327 20945 25765 195 22051
44 24198 74 327 20876 25680 195 21978
44 23871 73 327 20807 25596 194 21906
44 23544 72 327 20739 25511 195 21834
44 23217 71 327 20670 25427 194 21761
44 22890 70 327 20601 25342 195 21689
44 22563 69 327 20532 25257 195 21616
44 22236 68 327 20464 25173 194 21544
44 21909 67 327 20395 25088 195 21472
44 21582 66 327 20326 25004 194 21399
44 21255 65 327 20257 24919 195 21327
44 20928 64 327 20188 24835 194 21255
44 20601 63 327 20120 24750 195 21182
44 20274 62 327 20051 24665 195 21110
44 19947 61 327 19982 24581 194 21037
44 19620 60 327 19913 24496 195 20965
44 19293 58 327 19845 24411 195 20892
44 18966 58 327 19776 24327 194 20820
44 18639 57 327 19707 24242 195 20748
44 18312 56 327 19638 24158 194 20675
44 17985 55 327 19570 24073 195 20603
44 17658 54 327 19501 23988 195 20530
44 17331 52 327 19432 23904 194 20458
44 17004 52 327 19363 23819 195 20386
44 16678 51 327 19295 23735 194 20313
44 16350 50 327 19226 23650 195 20241
44 16023 49 327 19157 23565 195 20168
44 15696 48 327 19088 23481 194 20096
44 15369 47 327 19019 23396 195 20023
44 15042 46 327 18951 23312 194 19951
44 14715 45 327 18882 23227 195 19879
44 14388 44 327 18813 23142 195 19806
44 14061 43 327 18744 23058 194 19734
44 13734 42 327 18675 22973 195 19661
44 13407 41 327 18607 22889 194 19589
44 13080 40 327 18538 22804 195 19517
44 12753 39 327 18469 22719 195 19444
44 12426 38 327 18400 22635 194 19372
44 12099 37 327 18332 22550 195 19299
44 11772 36 327 18263 22466 194 19227
44 11445 35 327 18194 22381 195 19155
44 11118 34 327 18125 22296 195 19082
44 10791 33 327 18056 22212 194 19010
44 10464 32 327 17988 22127 195 18937
44 10137 31 327 17919 22043 194 18865
44 9810 30 327 17850 21958 195 18793
44 9483 29 327 17781 21873 195 18720
44 9156 28 327 17713 21789 194 18648
44 8829 27 327 17644 21704 195 18575
44 8502 26 327 17575 21620 194 18503
44 8175 25 327 17506 21535 195 18431
44 7848 24 327 17437 21450 195 18358
44 7521 23 327 17369 21366 194 18286
44 7194 22 327 17300 21281 195 18213
44 6867 21 327 17231 21197 194 18141
44 6540 20 327 17162 21112 195 18069
44 6213 19 327 17094 21027 195 17996
44 5886 18 327 17025 20943 194 17924
44 5559 17 327 16956 20858 195 17851
44 5232 16 327 16887 20773 195 17779
44 4905 15 327 16819 20689 194 17707
44 4578 14 327 16750 20604 195 17634
44 4251 13 327 16681 20520 194 17562
44 3924 12 327 16612 20435 195 17489
44 3598 11 327 16544 20351 194 17417
44 3270 10 327 16475 20266 195 17345
44 2943 9 327 16406 20181 195 17272
44 2616 8 327 16337 20097 194 17200
44 2289 7 327 16268 20012 195 17127
44 1962 6 327 16200 19927 195 17055
44 1635 5 327 16131 19843 194 16983
44 1308 4 327 16062 19758 195 16910
44 981 3 327 15993 19674 194 16838
44 654 2 327 15924 19589 195 16765
44 327 1 327 15856 19504 195 16693
45 32700 100 327 22797 28168 3857 24028
45 32373 99 327 22727 28081 197 23954
45 32046 98 327 22656 27994 197 23880
45 31719 97 327 22586 27907 197 23806
45 31392 96 327 22516 27821 196 23732
45 31065 95 327 22445 27734 197 23658
45 30738 94 327 22375 27647 197 23584
45 30411 93 327 22305 27560 197 23509
45 30084 92 327 22235 27473 197 23435
45 29757 91 327 22164 27386 197 23361
45 29430 90 327 22094 27300 196 23287
45 29103 89 327 22024 27213 197 23213
45 28776 88 327 21954 27126 197 23139
45 28449 87 327 21883 27039 197 23065
45 28122 86 327 21813 26952 197 22991
45 27795 85 327 21743 26866 196 22917
45 27468 84 327 21673 26779 197 22843
45 27141 83 327 21602 26692 197 22769
45 26814 82 327 21532 26605 197 22695
45 26487 81 327 21462 26518 197 22621
45 26160 80 327 21392 26431 197 22547
45 25833 79 327 21321 26345 196 22473
45 25506 78 327 21251 26258 197 22399
45 25179 77 327 21181 26171 197 22325
45 24852 76 327 21110 26084 197 22250
45 24525 75 327 21040 25997 197 22176
45 24198 74 327 20970 25910 197 22102
45 23871 73 327 20900 25824 196 22028
45 23544 72 327 20829 25737 197 21954
45 23217 71 327 20759 25650 197 21880
45 22890 70 327 20689 25563 197 21806
45 22563 69 327 20619 25476 197 21732
45 22236 68 327 20548 25390 196 21658
45 21909 67 327 20478 25303 197 21584
45 21582 66 327 20408 25216 197 21510
45 21255 65 327 20338 25129 197 21436
45 20928 64 327 20267 25042 197 21362
45 20601 63 327 20197 24955 197 21288
45 20274 62 327 20127 24869 196 21214
45 19947 61 327 20057 24782 197 21140
45 19620 60 327 19986 24695 197 21065
45 19293 58 327 19916 24608 197 20991
45 18966 58 327 19846 24521 197 20917
45 18639 57 327 19775 24435 196 20843
45 18312 56 327 19705 24348 197 20769
45 17985 55 327 19635 24261 197 20695
45 17658 54 327 19565 24174 197 20621
45 17331 52 327 19494 24087 197 20547
45 17004 52 327 19424 24000 197 20473
45 16677 51 327 19354 23914 196 20399
45 16350 50 327 19284 23827 197 20325
45 16023 49 327 19213 23740 197 20251
45 15696 48 327 19143 23653 197 20177
45 15369 47 327 19073 23566 197 20103
45 15042 46 327 19003 23480 196 20029
45 14715 45 327 18932 23393 197 19955
45 14388 44 327 18862 23306 197 19881
45 14061 43 327 18792 23219 197 19806
45 13734 42 327 18721 23132 197 19732
45 13407 41 327 18651 23045 197 19658
45 13080 40 327 18581 22959 196 19584
45 12753 39 327 18511 22872 197 19510
45 12426 38 327 18440 22785 197 19436
45 12100 37 327 18370 22698 197 19362
45 11772 36 327 18300 22611 197 19288
45 11445 35 327 18230 22525 196 19214
45 11118 34 327 18159 22438 197 19140
45 10791 33 327 18089 22351 197 19066
45 10464 32 327 18019 22264 197 18992
45 10137 31 327 17949 22177 197 18918
45 9810 30 327 17878 22090 197 18844
45 9483 29 327 17808 22004 196 18770
45 9156 28 327 17738 21917 197 18696
45 8829 27 327 17668 21830 197 18622
45 8502 26 327 17597 21743 197 18547
45 8176 25 327 17527 21657 196 18474
45 7848 24 327 17457 21570 197 18400
45 7521 23 327 17386 21483 197 18325
45 7195 22 327 17316 21396 197 18251
45 6867 21 327 17246 21309 197 18177
45 6540 20 327 17176 21222 197 18103
45 6213 19 327 17105 21135 197 18029
45 5886 18 327 17035 21049 196 17955
45 5559 17 327 16965 20962 197 17881
45 5232 16 327 16895 20875 197 17807
45 4905 15 327 16824 20788 197 17733
45 4578 14 327 16754 20701 197 17659
45 4251 13 327 16684 20615 196 17585
45 3924 12 327 16614 20528 197 17511
45 3597 11 327 16543 20441 197 17437
45 3270 10 327 16473 20354 197 17363
45 2943 9 327 16403 20267 197 17288
45 2616 8 327 16333 20180 197 17214
45 2289 7 327 16262 20094 196 17140
45 1962 6 327 16192 20007 197 17066
45 1635 5 327 16122 19920 197 16992
45 1308 4 327 16051 19833 197 16918
45 981 3 327 15981 19746 197 16844
45 654 2 327 15911 19660 196 16770
45 327 1 327 15841 19573 197 16696
